station,time,item,value,unit
大城站,00,乙烷,---,ppb
大城站,00,乙烯,---,ppb
大城站,00,丙烷,---,ppb
大城站,00,丙烯,---,ppb
大城站,00,異丁烷,---,ppb
大城站,00,正丁烷,---,ppb
大城站,00,乙炔,---,ppb
大城站,00,反2-丁烯,---,ppb
大城站,00,1-丁烯,---,ppb
大城站,00,順2-丁烯,---,ppb
大城站,00,環戊烷,---,ppb
大城站,00,異戊烷,---,ppb
大城站,00,正戊烷,---,ppb
大城站,00,反2-戊烯,---,ppb
大城站,00,1-戊烯,---,ppb
大城站,00,順2-戊烯,---,ppb
大城站,00,"2,2-二甲基丁烷",---,ppb
大城站,00,"2,3-二甲基丁烷",---,ppb
大城站,00,2-甲基戊烷,---,ppb
大城站,00,3-甲基戊烷,---,ppb
大城站,00,異戊二烯,---,ppb
大城站,00,正己烷,---,ppb
大城站,00,甲基環戊烷,---,ppb
大城站,00,"2,4-二甲基戊烷",---,ppb
大城站,00,苯,---,ppb
大城站,00,環己烷,---,ppb
大城站,00,2-甲基己烷,---,ppb
大城站,00,"2,3-二甲基戊烷",---,ppb
大城站,00,3-甲基己烷,---,ppb
大城站,00,"2,2,4-三甲基戊烷",---,ppb
大城站,00,正庚烷,---,ppb
大城站,00,甲基環己烷,---,ppb
大城站,00,"2,3,4-三甲基戊烷",---,ppb
大城站,00,甲苯,---,ppb
大城站,00,2-甲基庚烷,---,ppb
大城站,00,3-甲基庚烷,---,ppb
大城站,00,正辛烷,---,ppb
大城站,00,乙苯,---,ppb
大城站,00,"間,對二甲苯",---,ppb
大城站,00,苯乙烯,---,ppb
大城站,00,鄰二甲苯,---,ppb
大城站,00,正壬烷,---,ppb
大城站,00,異丙基苯,---,ppb
大城站,00,正丙基苯,---,ppb
大城站,00,間-乙基甲苯,---,ppb
大城站,00,對-乙基甲苯,---,ppb
大城站,00,"1,3,5-三甲基苯",---,ppb
大城站,00,鄰-乙基甲苯,---,ppb
大城站,00,"1,2,4-三甲基苯",---,ppb
大城站,00,葵烷,---,ppb
大城站,00,"1,2,3-三甲基苯",---,ppb
大城站,00,間-二乙基苯,---,ppb
大城站,00,對-二乙基苯,---,ppbv
大城站,00,正十一烷,---,ppbv
東石站,00,乙烷,---,ppb
東石站,00,乙烯,---,ppb
東石站,00,丙烷,---,ppb
東石站,00,丙烯,---,ppb
東石站,00,異丁烷,---,ppb
東石站,00,正丁烷,---,ppb
東石站,00,乙炔,---,ppb
東石站,00,反2-丁烯,---,ppb
東石站,00,1-丁烯,---,ppb
東石站,00,順2-丁烯,---,ppb
東石站,00,環戊烷,---,ppb
東石站,00,異戊烷,---,ppb
東石站,00,正戊烷,---,ppb
東石站,00,反2-戊烯,---,ppb
東石站,00,1-戊烯,---,ppb
東石站,00,順2-戊烯,---,ppb
東石站,00,"2,2-二甲基丁烷",---,ppb
東石站,00,"2,3-二甲基丁烷",---,ppb
東石站,00,2-甲基戊烷,---,ppb
東石站,00,3-甲基戊烷,---,ppb
東石站,00,異戊二烯,---,ppb
東石站,00,正己烷,---,ppb
東石站,00,甲基環戊烷,---,ppb
東石站,00,"2,4-二甲基戊烷",---,ppb
東石站,00,苯,---,ppb
東石站,00,環己烷,---,ppb
東石站,00,2-甲基己烷,---,ppb
東石站,00,"2,3-二甲基戊烷",---,ppb
東石站,00,3-甲基己烷,---,ppb
東石站,00,"2,2,4-三甲基戊烷",---,ppb
東石站,00,正庚烷,---,ppb
東石站,00,甲基環己烷,---,ppb
東石站,00,"2,3,4-三甲基戊烷",---,ppb
東石站,00,甲苯,---,ppb
東石站,00,2-甲基庚烷,---,ppb
東石站,00,3-甲基庚烷,---,ppb
東石站,00,正辛烷,---,ppb
東石站,00,乙苯,---,ppb
東石站,00,"間,對二甲苯",---,ppb
東石站,00,苯乙烯,---,ppb
東石站,00,鄰二甲苯,---,ppb
東石站,00,正壬烷,---,ppb
東石站,00,異丙基苯,---,ppb
東石站,00,正丙基苯,---,ppb
東石站,00,間-乙基甲苯,---,ppb
東石站,00,對-乙基甲苯,---,ppb
東石站,00,"1,3,5-三甲基苯",---,ppb
東石站,00,鄰-乙基甲苯,---,ppb
東石站,00,"1,2,4-三甲基苯",---,ppb
東石站,00,葵烷,---,ppb
東石站,00,"1,2,3-三甲基苯",---,ppb
東石站,00,間-二乙基苯,---,ppb
東石站,00,對-二乙基苯,---,ppbv
東石站,00,正十一烷,---,ppbv
褒忠站,00,乙烷,---,ppb
褒忠站,00,乙烯,---,ppb
褒忠站,00,丙烷,---,ppb
褒忠站,00,丙烯,---,ppb
褒忠站,00,異丁烷,---,ppb
褒忠站,00,正丁烷,---,ppb
褒忠站,00,乙炔,---,ppb
褒忠站,00,反2-丁烯,---,ppb
褒忠站,00,1-丁烯,---,ppb
褒忠站,00,順2-丁烯,---,ppb
褒忠站,00,環戊烷,---,ppb
褒忠站,00,異戊烷,---,ppb
褒忠站,00,正戊烷,---,ppb
褒忠站,00,反2-戊烯,---,ppb
褒忠站,00,1-戊烯,---,ppb
褒忠站,00,順2-戊烯,---,ppb
褒忠站,00,"2,2-二甲基丁烷",---,ppb
褒忠站,00,"2,3-二甲基丁烷",---,ppb
褒忠站,00,2-甲基戊烷,---,ppb
褒忠站,00,3-甲基戊烷,---,ppb
褒忠站,00,異戊二烯,---,ppb
褒忠站,00,正己烷,---,ppb
褒忠站,00,甲基環戊烷,---,ppb
褒忠站,00,"2,4-二甲基戊烷",---,ppb
褒忠站,00,苯,---,ppb
褒忠站,00,環己烷,---,ppb
褒忠站,00,2-甲基己烷,---,ppb
褒忠站,00,"2,3-二甲基戊烷",---,ppb
褒忠站,00,3-甲基己烷,---,ppb
褒忠站,00,"2,2,4-三甲基戊烷",---,ppb
褒忠站,00,正庚烷,---,ppb
褒忠站,00,甲基環己烷,---,ppb
褒忠站,00,"2,3,4-三甲基戊烷",---,ppb
褒忠站,00,甲苯,---,ppb
褒忠站,00,2-甲基庚烷,---,ppb
褒忠站,00,3-甲基庚烷,---,ppb
褒忠站,00,正辛烷,---,ppb
褒忠站,00,乙苯,---,ppb
褒忠站,00,"間,對二甲苯",---,ppb
褒忠站,00,苯乙烯,---,ppb
褒忠站,00,鄰二甲苯,---,ppb
褒忠站,00,正壬烷,---,ppb
褒忠站,00,異丙基苯,---,ppb
褒忠站,00,正丙基苯,---,ppb
褒忠站,00,間-乙基甲苯,---,ppb
褒忠站,00,對-乙基甲苯,---,ppb
褒忠站,00,"1,3,5-三甲基苯",---,ppb
褒忠站,00,鄰-乙基甲苯,---,ppb
褒忠站,00,"1,2,4-三甲基苯",---,ppb
褒忠站,00,葵烷,---,ppb
褒忠站,00,"1,2,3-三甲基苯",---,ppb
褒忠站,00,間-二乙基苯,---,ppb
褒忠站,00,對-二乙基苯,---,ppbv
褒忠站,00,正十一烷,---,ppbv
崙背站,00,乙烷,---,ppb
崙背站,00,乙烯,---,ppb
崙背站,00,丙烷,---,ppb
崙背站,00,丙烯,---,ppb
崙背站,00,異丁烷,---,ppb
崙背站,00,正丁烷,---,ppb
崙背站,00,乙炔,---,ppb
崙背站,00,反2-丁烯,---,ppb
崙背站,00,1-丁烯,---,ppb
崙背站,00,順2-丁烯,---,ppb
崙背站,00,環戊烷,---,ppb
崙背站,00,異戊烷,---,ppb
崙背站,00,正戊烷,---,ppb
崙背站,00,反2-戊烯,---,ppb
崙背站,00,1-戊烯,---,ppb
崙背站,00,順2-戊烯,---,ppb
崙背站,00,"2,2-二甲基丁烷",---,ppb
崙背站,00,"2,3-二甲基丁烷",---,ppb
崙背站,00,2-甲基戊烷,---,ppb
崙背站,00,3-甲基戊烷,---,ppb
崙背站,00,異戊二烯,---,ppb
崙背站,00,正己烷,---,ppb
崙背站,00,甲基環戊烷,---,ppb
崙背站,00,"2,4-二甲基戊烷",---,ppb
崙背站,00,苯,---,ppb
崙背站,00,環己烷,---,ppb
崙背站,00,2-甲基己烷,---,ppb
崙背站,00,"2,3-二甲基戊烷",---,ppb
崙背站,00,3-甲基己烷,---,ppb
崙背站,00,"2,2,4-三甲基戊烷",---,ppb
崙背站,00,正庚烷,---,ppb
崙背站,00,甲基環己烷,---,ppb
崙背站,00,"2,3,4-三甲基戊烷",---,ppb
崙背站,00,甲苯,---,ppb
崙背站,00,2-甲基庚烷,---,ppb
崙背站,00,3-甲基庚烷,---,ppb
崙背站,00,正辛烷,---,ppb
崙背站,00,乙苯,---,ppb
崙背站,00,"間,對二甲苯",---,ppb
崙背站,00,苯乙烯,---,ppb
崙背站,00,鄰二甲苯,---,ppb
崙背站,00,正壬烷,---,ppb
崙背站,00,異丙基苯,---,ppb
崙背站,00,正丙基苯,---,ppb
崙背站,00,間-乙基甲苯,---,ppb
崙背站,00,對-乙基甲苯,---,ppb
崙背站,00,"1,3,5-三甲基苯",---,ppb
崙背站,00,鄰-乙基甲苯,---,ppb
崙背站,00,"1,2,4-三甲基苯",---,ppb
崙背站,00,葵烷,---,ppb
崙背站,00,"1,2,3-三甲基苯",---,ppb
崙背站,00,間-二乙基苯,---,ppb
崙背站,00,對-二乙基苯,---,ppbv
崙背站,00,正十一烷,---,ppbv
四湖站,00,乙烷,---,ppb
四湖站,00,乙烯,---,ppb
四湖站,00,丙烷,---,ppb
四湖站,00,丙烯,---,ppb
四湖站,00,異丁烷,---,ppb
四湖站,00,正丁烷,---,ppb
四湖站,00,乙炔,---,ppb
四湖站,00,反2-丁烯,---,ppb
四湖站,00,1-丁烯,---,ppb
四湖站,00,順2-丁烯,---,ppb
四湖站,00,環戊烷,---,ppb
四湖站,00,異戊烷,---,ppb
四湖站,00,正戊烷,---,ppb
四湖站,00,反2-戊烯,---,ppb
四湖站,00,1-戊烯,---,ppb
四湖站,00,順2-戊烯,---,ppb
四湖站,00,"2,2-二甲基丁烷",---,ppb
四湖站,00,"2,3-二甲基丁烷",---,ppb
四湖站,00,2-甲基戊烷,---,ppb
四湖站,00,3-甲基戊烷,---,ppb
四湖站,00,異戊二烯,---,ppb
四湖站,00,正己烷,---,ppb
四湖站,00,甲基環戊烷,---,ppb
四湖站,00,"2,4-二甲基戊烷",---,ppb
四湖站,00,苯,---,ppb
四湖站,00,環己烷,---,ppb
四湖站,00,2-甲基己烷,---,ppb
四湖站,00,"2,3-二甲基戊烷",---,ppb
四湖站,00,3-甲基己烷,---,ppb
四湖站,00,"2,2,4-三甲基戊烷",---,ppb
四湖站,00,正庚烷,---,ppb
四湖站,00,甲基環己烷,---,ppb
四湖站,00,"2,3,4-三甲基戊烷",---,ppb
四湖站,00,甲苯,---,ppb
四湖站,00,2-甲基庚烷,---,ppb
四湖站,00,3-甲基庚烷,---,ppb
四湖站,00,正辛烷,---,ppb
四湖站,00,乙苯,---,ppb
四湖站,00,"間,對二甲苯",---,ppb
四湖站,00,苯乙烯,---,ppb
四湖站,00,鄰二甲苯,---,ppb
四湖站,00,正壬烷,---,ppb
四湖站,00,異丙基苯,---,ppb
四湖站,00,正丙基苯,---,ppb
四湖站,00,間-乙基甲苯,---,ppb
四湖站,00,對-乙基甲苯,---,ppb
四湖站,00,"1,3,5-三甲基苯",---,ppb
四湖站,00,鄰-乙基甲苯,---,ppb
四湖站,00,"1,2,4-三甲基苯",---,ppb
四湖站,00,葵烷,---,ppb
四湖站,00,"1,2,3-三甲基苯",---,ppb
四湖站,00,間-二乙基苯,---,ppb
四湖站,00,對-二乙基苯,---,ppbv
四湖站,00,正十一烷,---,ppbv
東勢站,00,乙烷,---,ppb
東勢站,00,乙烯,---,ppb
東勢站,00,丙烷,---,ppb
東勢站,00,丙烯,---,ppb
東勢站,00,異丁烷,---,ppb
東勢站,00,正丁烷,---,ppb
東勢站,00,乙炔,---,ppb
東勢站,00,反2-丁烯,---,ppb
東勢站,00,1-丁烯,---,ppb
東勢站,00,順2-丁烯,---,ppb
東勢站,00,環戊烷,---,ppb
東勢站,00,異戊烷,---,ppb
東勢站,00,正戊烷,---,ppb
東勢站,00,反2-戊烯,---,ppb
東勢站,00,1-戊烯,---,ppb
東勢站,00,順2-戊烯,---,ppb
東勢站,00,"2,2-二甲基丁烷",---,ppb
東勢站,00,"2,3-二甲基丁烷",---,ppb
東勢站,00,2-甲基戊烷,---,ppb
東勢站,00,3-甲基戊烷,---,ppb
東勢站,00,異戊二烯,---,ppb
東勢站,00,正己烷,---,ppb
東勢站,00,甲基環戊烷,---,ppb
東勢站,00,"2,4-二甲基戊烷",---,ppb
東勢站,00,苯,---,ppb
東勢站,00,環己烷,---,ppb
東勢站,00,2-甲基己烷,---,ppb
東勢站,00,"2,3-二甲基戊烷",---,ppb
東勢站,00,3-甲基己烷,---,ppb
東勢站,00,"2,2,4-三甲基戊烷",---,ppb
東勢站,00,正庚烷,---,ppb
東勢站,00,甲基環己烷,---,ppb
東勢站,00,"2,3,4-三甲基戊烷",---,ppb
東勢站,00,甲苯,---,ppb
東勢站,00,2-甲基庚烷,---,ppb
東勢站,00,3-甲基庚烷,---,ppb
東勢站,00,正辛烷,---,ppb
東勢站,00,乙苯,---,ppb
東勢站,00,"間,對二甲苯",---,ppb
東勢站,00,苯乙烯,---,ppb
東勢站,00,鄰二甲苯,---,ppb
東勢站,00,正壬烷,---,ppb
東勢站,00,異丙基苯,---,ppb
東勢站,00,正丙基苯,---,ppb
東勢站,00,間-乙基甲苯,---,ppb
東勢站,00,對-乙基甲苯,---,ppb
東勢站,00,"1,3,5-三甲基苯",---,ppb
東勢站,00,鄰-乙基甲苯,---,ppb
東勢站,00,"1,2,4-三甲基苯",---,ppb
東勢站,00,葵烷,---,ppb
東勢站,00,"1,2,3-三甲基苯",---,ppb
東勢站,00,間-二乙基苯,---,ppb
東勢站,00,對-二乙基苯,---,ppbv
東勢站,00,正十一烷,---,ppbv
麥寮站,00,乙烷,---,ppb
麥寮站,00,乙烯,---,ppb
麥寮站,00,丙烷,---,ppb
麥寮站,00,丙烯,---,ppb
麥寮站,00,異丁烷,---,ppb
麥寮站,00,正丁烷,---,ppb
麥寮站,00,乙炔,---,ppb
麥寮站,00,反2-丁烯,---,ppb
麥寮站,00,1-丁烯,---,ppb
麥寮站,00,順2-丁烯,---,ppb
麥寮站,00,環戊烷,---,ppb
麥寮站,00,異戊烷,---,ppb
麥寮站,00,正戊烷,---,ppb
麥寮站,00,反2-戊烯,---,ppb
麥寮站,00,1-戊烯,---,ppb
麥寮站,00,順2-戊烯,---,ppb
麥寮站,00,"2,2-二甲基丁烷",---,ppb
麥寮站,00,"2,3-二甲基丁烷",---,ppb
麥寮站,00,2-甲基戊烷,---,ppb
麥寮站,00,3-甲基戊烷,---,ppb
麥寮站,00,異戊二烯,---,ppb
麥寮站,00,正己烷,---,ppb
麥寮站,00,甲基環戊烷,---,ppb
麥寮站,00,"2,4-二甲基戊烷",---,ppb
麥寮站,00,苯,---,ppb
麥寮站,00,環己烷,---,ppb
麥寮站,00,2-甲基己烷,---,ppb
麥寮站,00,"2,3-二甲基戊烷",---,ppb
麥寮站,00,3-甲基己烷,---,ppb
麥寮站,00,"2,2,4-三甲基戊烷",---,ppb
麥寮站,00,正庚烷,---,ppb
麥寮站,00,甲基環己烷,---,ppb
麥寮站,00,"2,3,4-三甲基戊烷",---,ppb
麥寮站,00,甲苯,---,ppb
麥寮站,00,2-甲基庚烷,---,ppb
麥寮站,00,3-甲基庚烷,---,ppb
麥寮站,00,正辛烷,---,ppb
麥寮站,00,乙苯,---,ppb
麥寮站,00,"間,對二甲苯",---,ppb
麥寮站,00,苯乙烯,---,ppb
麥寮站,00,鄰二甲苯,---,ppb
麥寮站,00,正壬烷,---,ppb
麥寮站,00,異丙基苯,---,ppb
麥寮站,00,正丙基苯,---,ppb
麥寮站,00,間-乙基甲苯,---,ppb
麥寮站,00,對-乙基甲苯,---,ppb
麥寮站,00,"1,3,5-三甲基苯",---,ppb
麥寮站,00,鄰-乙基甲苯,---,ppb
麥寮站,00,"1,2,4-三甲基苯",---,ppb
麥寮站,00,葵烷,---,ppb
麥寮站,00,"1,2,3-三甲基苯",---,ppb
麥寮站,00,間-二乙基苯,---,ppb
麥寮站,00,對-二乙基苯,---,ppbv
麥寮站,00,正十一烷,---,ppbv
台西站,00,乙烷,---,ppb
台西站,00,乙烯,---,ppb
台西站,00,丙烷,---,ppb
台西站,00,丙烯,---,ppb
台西站,00,異丁烷,---,ppb
台西站,00,正丁烷,---,ppb
台西站,00,乙炔,---,ppb
台西站,00,反2-丁烯,---,ppb
台西站,00,1-丁烯,---,ppb
台西站,00,順2-丁烯,---,ppb
台西站,00,環戊烷,---,ppb
台西站,00,異戊烷,---,ppb
台西站,00,正戊烷,---,ppb
台西站,00,反2-戊烯,---,ppb
台西站,00,1-戊烯,---,ppb
台西站,00,順2-戊烯,---,ppb
台西站,00,"2,2-二甲基丁烷",---,ppb
台西站,00,"2,3-二甲基丁烷",---,ppb
台西站,00,2-甲基戊烷,---,ppb
台西站,00,3-甲基戊烷,---,ppb
台西站,00,異戊二烯,---,ppb
台西站,00,正己烷,---,ppb
台西站,00,甲基環戊烷,---,ppb
台西站,00,"2,4-二甲基戊烷",---,ppb
台西站,00,苯,---,ppb
台西站,00,環己烷,---,ppb
台西站,00,2-甲基己烷,---,ppb
台西站,00,"2,3-二甲基戊烷",---,ppb
台西站,00,3-甲基己烷,---,ppb
台西站,00,"2,2,4-三甲基戊烷",---,ppb
台西站,00,正庚烷,---,ppb
台西站,00,甲基環己烷,---,ppb
台西站,00,"2,3,4-三甲基戊烷",---,ppb
台西站,00,甲苯,---,ppb
台西站,00,2-甲基庚烷,---,ppb
台西站,00,3-甲基庚烷,---,ppb
台西站,00,正辛烷,---,ppb
台西站,00,乙苯,---,ppb
台西站,00,"間,對二甲苯",---,ppb
台西站,00,苯乙烯,---,ppb
台西站,00,鄰二甲苯,---,ppb
台西站,00,正壬烷,---,ppb
台西站,00,異丙基苯,---,ppb
台西站,00,正丙基苯,---,ppb
台西站,00,間-乙基甲苯,---,ppb
台西站,00,對-乙基甲苯,---,ppb
台西站,00,"1,3,5-三甲基苯",---,ppb
台西站,00,鄰-乙基甲苯,---,ppb
台西站,00,"1,2,4-三甲基苯",---,ppb
台西站,00,葵烷,---,ppb
台西站,00,"1,2,3-三甲基苯",---,ppb
台西站,00,間-二乙基苯,---,ppb
台西站,00,對-二乙基苯,---,ppbv
台西站,00,正十一烷,---,ppbv
土庫站,00,乙烷,---,ppb
土庫站,00,乙烯,---,ppb
土庫站,00,丙烷,---,ppb
土庫站,00,丙烯,---,ppb
土庫站,00,異丁烷,---,ppb
土庫站,00,正丁烷,---,ppb
土庫站,00,乙炔,---,ppb
土庫站,00,反2-丁烯,---,ppb
土庫站,00,1-丁烯,---,ppb
土庫站,00,順2-丁烯,---,ppb
土庫站,00,環戊烷,---,ppb
土庫站,00,異戊烷,---,ppb
土庫站,00,正戊烷,---,ppb
土庫站,00,反2-戊烯,---,ppb
土庫站,00,1-戊烯,---,ppb
土庫站,00,順2-戊烯,---,ppb
土庫站,00,"2,2-二甲基丁烷",---,ppb
土庫站,00,"2,3-二甲基丁烷",---,ppb
土庫站,00,2-甲基戊烷,---,ppb
土庫站,00,3-甲基戊烷,---,ppb
土庫站,00,異戊二烯,---,ppb
土庫站,00,正己烷,---,ppb
土庫站,00,甲基環戊烷,---,ppb
土庫站,00,"2,4-二甲基戊烷",---,ppb
土庫站,00,苯,---,ppb
土庫站,00,環己烷,---,ppb
土庫站,00,2-甲基己烷,---,ppb
土庫站,00,"2,3-二甲基戊烷",---,ppb
土庫站,00,3-甲基己烷,---,ppb
土庫站,00,"2,2,4-三甲基戊烷",---,ppb
土庫站,00,正庚烷,---,ppb
土庫站,00,甲基環己烷,---,ppb
土庫站,00,"2,3,4-三甲基戊烷",---,ppb
土庫站,00,甲苯,---,ppb
土庫站,00,2-甲基庚烷,---,ppb
土庫站,00,3-甲基庚烷,---,ppb
土庫站,00,正辛烷,---,ppb
土庫站,00,乙苯,---,ppb
土庫站,00,"間,對二甲苯",---,ppb
土庫站,00,苯乙烯,---,ppb
土庫站,00,鄰二甲苯,---,ppb
土庫站,00,正壬烷,---,ppb
土庫站,00,異丙基苯,---,ppb
土庫站,00,正丙基苯,---,ppb
土庫站,00,間-乙基甲苯,---,ppb
土庫站,00,對-乙基甲苯,---,ppb
土庫站,00,"1,3,5-三甲基苯",---,ppb
土庫站,00,鄰-乙基甲苯,---,ppb
土庫站,00,"1,2,4-三甲基苯",---,ppb
土庫站,00,葵烷,---,ppb
土庫站,00,"1,2,3-三甲基苯",---,ppb
土庫站,00,間-二乙基苯,---,ppb
土庫站,00,對-二乙基苯,---,ppbv
土庫站,00,正十一烷,---,ppbv
西螺站,00,乙烷,---,ppb
西螺站,00,乙烯,---,ppb
西螺站,00,丙烷,---,ppb
西螺站,00,丙烯,---,ppb
西螺站,00,異丁烷,---,ppb
西螺站,00,正丁烷,---,ppb
西螺站,00,乙炔,---,ppb
西螺站,00,反2-丁烯,---,ppb
西螺站,00,1-丁烯,---,ppb
西螺站,00,順2-丁烯,---,ppb
西螺站,00,環戊烷,---,ppb
西螺站,00,異戊烷,---,ppb
西螺站,00,正戊烷,---,ppb
西螺站,00,反2-戊烯,---,ppb
西螺站,00,1-戊烯,---,ppb
西螺站,00,順2-戊烯,---,ppb
西螺站,00,"2,2-二甲基丁烷",---,ppb
西螺站,00,"2,3-二甲基丁烷",---,ppb
西螺站,00,2-甲基戊烷,---,ppb
西螺站,00,3-甲基戊烷,---,ppb
西螺站,00,異戊二烯,---,ppb
西螺站,00,正己烷,---,ppb
西螺站,00,甲基環戊烷,---,ppb
西螺站,00,"2,4-二甲基戊烷",---,ppb
西螺站,00,苯,---,ppb
西螺站,00,環己烷,---,ppb
西螺站,00,2-甲基己烷,---,ppb
西螺站,00,"2,3-二甲基戊烷",---,ppb
西螺站,00,3-甲基己烷,---,ppb
西螺站,00,"2,2,4-三甲基戊烷",---,ppb
西螺站,00,正庚烷,---,ppb
西螺站,00,甲基環己烷,---,ppb
西螺站,00,"2,3,4-三甲基戊烷",---,ppb
西螺站,00,甲苯,---,ppb
西螺站,00,2-甲基庚烷,---,ppb
西螺站,00,3-甲基庚烷,---,ppb
西螺站,00,正辛烷,---,ppb
西螺站,00,乙苯,---,ppb
西螺站,00,"間,對二甲苯",---,ppb
西螺站,00,苯乙烯,---,ppb
西螺站,00,鄰二甲苯,---,ppb
西螺站,00,正壬烷,---,ppb
西螺站,00,異丙基苯,---,ppb
西螺站,00,正丙基苯,---,ppb
西螺站,00,間-乙基甲苯,---,ppb
西螺站,00,對-乙基甲苯,---,ppb
西螺站,00,"1,3,5-三甲基苯",---,ppb
西螺站,00,鄰-乙基甲苯,---,ppb
西螺站,00,"1,2,4-三甲基苯",---,ppb
西螺站,00,葵烷,---,ppb
西螺站,00,"1,2,3-三甲基苯",---,ppb
西螺站,00,間-二乙基苯,---,ppb
西螺站,00,對-二乙基苯,---,ppbv
西螺站,00,正十一烷,---,ppbv
大城站,01,乙烷,---,ppb
大城站,01,乙烯,---,ppb
大城站,01,丙烷,---,ppb
大城站,01,丙烯,---,ppb
大城站,01,異丁烷,---,ppb
大城站,01,正丁烷,---,ppb
大城站,01,乙炔,---,ppb
大城站,01,反2-丁烯,---,ppb
大城站,01,1-丁烯,---,ppb
大城站,01,順2-丁烯,---,ppb
大城站,01,環戊烷,---,ppb
大城站,01,異戊烷,---,ppb
大城站,01,正戊烷,---,ppb
大城站,01,反2-戊烯,---,ppb
大城站,01,1-戊烯,---,ppb
大城站,01,順2-戊烯,---,ppb
大城站,01,"2,2-二甲基丁烷",---,ppb
大城站,01,"2,3-二甲基丁烷",---,ppb
大城站,01,2-甲基戊烷,---,ppb
大城站,01,3-甲基戊烷,---,ppb
大城站,01,異戊二烯,---,ppb
大城站,01,正己烷,---,ppb
大城站,01,甲基環戊烷,---,ppb
大城站,01,"2,4-二甲基戊烷",---,ppb
大城站,01,苯,---,ppb
大城站,01,環己烷,---,ppb
大城站,01,2-甲基己烷,---,ppb
大城站,01,"2,3-二甲基戊烷",---,ppb
大城站,01,3-甲基己烷,---,ppb
大城站,01,"2,2,4-三甲基戊烷",---,ppb
大城站,01,正庚烷,---,ppb
大城站,01,甲基環己烷,---,ppb
大城站,01,"2,3,4-三甲基戊烷",---,ppb
大城站,01,甲苯,---,ppb
大城站,01,2-甲基庚烷,---,ppb
大城站,01,3-甲基庚烷,---,ppb
大城站,01,正辛烷,---,ppb
大城站,01,乙苯,---,ppb
大城站,01,"間,對二甲苯",---,ppb
大城站,01,苯乙烯,---,ppb
大城站,01,鄰二甲苯,---,ppb
大城站,01,正壬烷,---,ppb
大城站,01,異丙基苯,---,ppb
大城站,01,正丙基苯,---,ppb
大城站,01,間-乙基甲苯,---,ppb
大城站,01,對-乙基甲苯,---,ppb
大城站,01,"1,3,5-三甲基苯",---,ppb
大城站,01,鄰-乙基甲苯,---,ppb
大城站,01,"1,2,4-三甲基苯",---,ppb
大城站,01,葵烷,---,ppb
大城站,01,"1,2,3-三甲基苯",---,ppb
大城站,01,間-二乙基苯,---,ppb
大城站,01,對-二乙基苯,---,ppbv
大城站,01,正十一烷,---,ppbv
東石站,01,乙烷,---,ppb
東石站,01,乙烯,---,ppb
東石站,01,丙烷,---,ppb
東石站,01,丙烯,---,ppb
東石站,01,異丁烷,---,ppb
東石站,01,正丁烷,---,ppb
東石站,01,乙炔,---,ppb
東石站,01,反2-丁烯,---,ppb
東石站,01,1-丁烯,---,ppb
東石站,01,順2-丁烯,---,ppb
東石站,01,環戊烷,---,ppb
東石站,01,異戊烷,---,ppb
東石站,01,正戊烷,---,ppb
東石站,01,反2-戊烯,---,ppb
東石站,01,1-戊烯,---,ppb
東石站,01,順2-戊烯,---,ppb
東石站,01,"2,2-二甲基丁烷",---,ppb
東石站,01,"2,3-二甲基丁烷",---,ppb
東石站,01,2-甲基戊烷,---,ppb
東石站,01,3-甲基戊烷,---,ppb
東石站,01,異戊二烯,---,ppb
東石站,01,正己烷,---,ppb
東石站,01,甲基環戊烷,---,ppb
東石站,01,"2,4-二甲基戊烷",---,ppb
東石站,01,苯,---,ppb
東石站,01,環己烷,---,ppb
東石站,01,2-甲基己烷,---,ppb
東石站,01,"2,3-二甲基戊烷",---,ppb
東石站,01,3-甲基己烷,---,ppb
東石站,01,"2,2,4-三甲基戊烷",---,ppb
東石站,01,正庚烷,---,ppb
東石站,01,甲基環己烷,---,ppb
東石站,01,"2,3,4-三甲基戊烷",---,ppb
東石站,01,甲苯,---,ppb
東石站,01,2-甲基庚烷,---,ppb
東石站,01,3-甲基庚烷,---,ppb
東石站,01,正辛烷,---,ppb
東石站,01,乙苯,---,ppb
東石站,01,"間,對二甲苯",---,ppb
東石站,01,苯乙烯,---,ppb
東石站,01,鄰二甲苯,---,ppb
東石站,01,正壬烷,---,ppb
東石站,01,異丙基苯,---,ppb
東石站,01,正丙基苯,---,ppb
東石站,01,間-乙基甲苯,---,ppb
東石站,01,對-乙基甲苯,---,ppb
東石站,01,"1,3,5-三甲基苯",---,ppb
東石站,01,鄰-乙基甲苯,---,ppb
東石站,01,"1,2,4-三甲基苯",---,ppb
東石站,01,葵烷,---,ppb
東石站,01,"1,2,3-三甲基苯",---,ppb
東石站,01,間-二乙基苯,---,ppb
東石站,01,對-二乙基苯,---,ppbv
東石站,01,正十一烷,---,ppbv
褒忠站,01,乙烷,---,ppb
褒忠站,01,乙烯,---,ppb
褒忠站,01,丙烷,---,ppb
褒忠站,01,丙烯,---,ppb
褒忠站,01,異丁烷,---,ppb
褒忠站,01,正丁烷,---,ppb
褒忠站,01,乙炔,---,ppb
褒忠站,01,反2-丁烯,---,ppb
褒忠站,01,1-丁烯,---,ppb
褒忠站,01,順2-丁烯,---,ppb
褒忠站,01,環戊烷,---,ppb
褒忠站,01,異戊烷,---,ppb
褒忠站,01,正戊烷,---,ppb
褒忠站,01,反2-戊烯,---,ppb
褒忠站,01,1-戊烯,---,ppb
褒忠站,01,順2-戊烯,---,ppb
褒忠站,01,"2,2-二甲基丁烷",---,ppb
褒忠站,01,"2,3-二甲基丁烷",---,ppb
褒忠站,01,2-甲基戊烷,---,ppb
褒忠站,01,3-甲基戊烷,---,ppb
褒忠站,01,異戊二烯,---,ppb
褒忠站,01,正己烷,---,ppb
褒忠站,01,甲基環戊烷,---,ppb
褒忠站,01,"2,4-二甲基戊烷",---,ppb
褒忠站,01,苯,---,ppb
褒忠站,01,環己烷,---,ppb
褒忠站,01,2-甲基己烷,---,ppb
褒忠站,01,"2,3-二甲基戊烷",---,ppb
褒忠站,01,3-甲基己烷,---,ppb
褒忠站,01,"2,2,4-三甲基戊烷",---,ppb
褒忠站,01,正庚烷,---,ppb
褒忠站,01,甲基環己烷,---,ppb
褒忠站,01,"2,3,4-三甲基戊烷",---,ppb
褒忠站,01,甲苯,---,ppb
褒忠站,01,2-甲基庚烷,---,ppb
褒忠站,01,3-甲基庚烷,---,ppb
褒忠站,01,正辛烷,---,ppb
褒忠站,01,乙苯,---,ppb
褒忠站,01,"間,對二甲苯",---,ppb
褒忠站,01,苯乙烯,---,ppb
褒忠站,01,鄰二甲苯,---,ppb
褒忠站,01,正壬烷,---,ppb
褒忠站,01,異丙基苯,---,ppb
褒忠站,01,正丙基苯,---,ppb
褒忠站,01,間-乙基甲苯,---,ppb
褒忠站,01,對-乙基甲苯,---,ppb
褒忠站,01,"1,3,5-三甲基苯",---,ppb
褒忠站,01,鄰-乙基甲苯,---,ppb
褒忠站,01,"1,2,4-三甲基苯",---,ppb
褒忠站,01,葵烷,---,ppb
褒忠站,01,"1,2,3-三甲基苯",---,ppb
褒忠站,01,間-二乙基苯,---,ppb
褒忠站,01,對-二乙基苯,---,ppbv
褒忠站,01,正十一烷,---,ppbv
崙背站,01,乙烷,---,ppb
崙背站,01,乙烯,---,ppb
崙背站,01,丙烷,---,ppb
崙背站,01,丙烯,---,ppb
崙背站,01,異丁烷,---,ppb
崙背站,01,正丁烷,---,ppb
崙背站,01,乙炔,---,ppb
崙背站,01,反2-丁烯,---,ppb
崙背站,01,1-丁烯,---,ppb
崙背站,01,順2-丁烯,---,ppb
崙背站,01,環戊烷,---,ppb
崙背站,01,異戊烷,---,ppb
崙背站,01,正戊烷,---,ppb
崙背站,01,反2-戊烯,---,ppb
崙背站,01,1-戊烯,---,ppb
崙背站,01,順2-戊烯,---,ppb
崙背站,01,"2,2-二甲基丁烷",---,ppb
崙背站,01,"2,3-二甲基丁烷",---,ppb
崙背站,01,2-甲基戊烷,---,ppb
崙背站,01,3-甲基戊烷,---,ppb
崙背站,01,異戊二烯,---,ppb
崙背站,01,正己烷,---,ppb
崙背站,01,甲基環戊烷,---,ppb
崙背站,01,"2,4-二甲基戊烷",---,ppb
崙背站,01,苯,---,ppb
崙背站,01,環己烷,---,ppb
崙背站,01,2-甲基己烷,---,ppb
崙背站,01,"2,3-二甲基戊烷",---,ppb
崙背站,01,3-甲基己烷,---,ppb
崙背站,01,"2,2,4-三甲基戊烷",---,ppb
崙背站,01,正庚烷,---,ppb
崙背站,01,甲基環己烷,---,ppb
崙背站,01,"2,3,4-三甲基戊烷",---,ppb
崙背站,01,甲苯,---,ppb
崙背站,01,2-甲基庚烷,---,ppb
崙背站,01,3-甲基庚烷,---,ppb
崙背站,01,正辛烷,---,ppb
崙背站,01,乙苯,---,ppb
崙背站,01,"間,對二甲苯",---,ppb
崙背站,01,苯乙烯,---,ppb
崙背站,01,鄰二甲苯,---,ppb
崙背站,01,正壬烷,---,ppb
崙背站,01,異丙基苯,---,ppb
崙背站,01,正丙基苯,---,ppb
崙背站,01,間-乙基甲苯,---,ppb
崙背站,01,對-乙基甲苯,---,ppb
崙背站,01,"1,3,5-三甲基苯",---,ppb
崙背站,01,鄰-乙基甲苯,---,ppb
崙背站,01,"1,2,4-三甲基苯",---,ppb
崙背站,01,葵烷,---,ppb
崙背站,01,"1,2,3-三甲基苯",---,ppb
崙背站,01,間-二乙基苯,---,ppb
崙背站,01,對-二乙基苯,---,ppbv
崙背站,01,正十一烷,---,ppbv
四湖站,01,乙烷,---,ppb
四湖站,01,乙烯,---,ppb
四湖站,01,丙烷,---,ppb
四湖站,01,丙烯,---,ppb
四湖站,01,異丁烷,---,ppb
四湖站,01,正丁烷,---,ppb
四湖站,01,乙炔,---,ppb
四湖站,01,反2-丁烯,---,ppb
四湖站,01,1-丁烯,---,ppb
四湖站,01,順2-丁烯,---,ppb
四湖站,01,環戊烷,---,ppb
四湖站,01,異戊烷,---,ppb
四湖站,01,正戊烷,---,ppb
四湖站,01,反2-戊烯,---,ppb
四湖站,01,1-戊烯,---,ppb
四湖站,01,順2-戊烯,---,ppb
四湖站,01,"2,2-二甲基丁烷",---,ppb
四湖站,01,"2,3-二甲基丁烷",---,ppb
四湖站,01,2-甲基戊烷,---,ppb
四湖站,01,3-甲基戊烷,---,ppb
四湖站,01,異戊二烯,---,ppb
四湖站,01,正己烷,---,ppb
四湖站,01,甲基環戊烷,---,ppb
四湖站,01,"2,4-二甲基戊烷",---,ppb
四湖站,01,苯,---,ppb
四湖站,01,環己烷,---,ppb
四湖站,01,2-甲基己烷,---,ppb
四湖站,01,"2,3-二甲基戊烷",---,ppb
四湖站,01,3-甲基己烷,---,ppb
四湖站,01,"2,2,4-三甲基戊烷",---,ppb
四湖站,01,正庚烷,---,ppb
四湖站,01,甲基環己烷,---,ppb
四湖站,01,"2,3,4-三甲基戊烷",---,ppb
四湖站,01,甲苯,---,ppb
四湖站,01,2-甲基庚烷,---,ppb
四湖站,01,3-甲基庚烷,---,ppb
四湖站,01,正辛烷,---,ppb
四湖站,01,乙苯,---,ppb
四湖站,01,"間,對二甲苯",---,ppb
四湖站,01,苯乙烯,---,ppb
四湖站,01,鄰二甲苯,---,ppb
四湖站,01,正壬烷,---,ppb
四湖站,01,異丙基苯,---,ppb
四湖站,01,正丙基苯,---,ppb
四湖站,01,間-乙基甲苯,---,ppb
四湖站,01,對-乙基甲苯,---,ppb
四湖站,01,"1,3,5-三甲基苯",---,ppb
四湖站,01,鄰-乙基甲苯,---,ppb
四湖站,01,"1,2,4-三甲基苯",---,ppb
四湖站,01,葵烷,---,ppb
四湖站,01,"1,2,3-三甲基苯",---,ppb
四湖站,01,間-二乙基苯,---,ppb
四湖站,01,對-二乙基苯,---,ppbv
四湖站,01,正十一烷,---,ppbv
東勢站,01,乙烷,---,ppb
東勢站,01,乙烯,---,ppb
東勢站,01,丙烷,---,ppb
東勢站,01,丙烯,---,ppb
東勢站,01,異丁烷,---,ppb
東勢站,01,正丁烷,---,ppb
東勢站,01,乙炔,---,ppb
東勢站,01,反2-丁烯,---,ppb
東勢站,01,1-丁烯,---,ppb
東勢站,01,順2-丁烯,---,ppb
東勢站,01,環戊烷,---,ppb
東勢站,01,異戊烷,---,ppb
東勢站,01,正戊烷,---,ppb
東勢站,01,反2-戊烯,---,ppb
東勢站,01,1-戊烯,---,ppb
東勢站,01,順2-戊烯,---,ppb
東勢站,01,"2,2-二甲基丁烷",---,ppb
東勢站,01,"2,3-二甲基丁烷",---,ppb
東勢站,01,2-甲基戊烷,---,ppb
東勢站,01,3-甲基戊烷,---,ppb
東勢站,01,異戊二烯,---,ppb
東勢站,01,正己烷,---,ppb
東勢站,01,甲基環戊烷,---,ppb
東勢站,01,"2,4-二甲基戊烷",---,ppb
東勢站,01,苯,---,ppb
東勢站,01,環己烷,---,ppb
東勢站,01,2-甲基己烷,---,ppb
東勢站,01,"2,3-二甲基戊烷",---,ppb
東勢站,01,3-甲基己烷,---,ppb
東勢站,01,"2,2,4-三甲基戊烷",---,ppb
東勢站,01,正庚烷,---,ppb
東勢站,01,甲基環己烷,---,ppb
東勢站,01,"2,3,4-三甲基戊烷",---,ppb
東勢站,01,甲苯,---,ppb
東勢站,01,2-甲基庚烷,---,ppb
東勢站,01,3-甲基庚烷,---,ppb
東勢站,01,正辛烷,---,ppb
東勢站,01,乙苯,---,ppb
東勢站,01,"間,對二甲苯",---,ppb
東勢站,01,苯乙烯,---,ppb
東勢站,01,鄰二甲苯,---,ppb
東勢站,01,正壬烷,---,ppb
東勢站,01,異丙基苯,---,ppb
東勢站,01,正丙基苯,---,ppb
東勢站,01,間-乙基甲苯,---,ppb
東勢站,01,對-乙基甲苯,---,ppb
東勢站,01,"1,3,5-三甲基苯",---,ppb
東勢站,01,鄰-乙基甲苯,---,ppb
東勢站,01,"1,2,4-三甲基苯",---,ppb
東勢站,01,葵烷,---,ppb
東勢站,01,"1,2,3-三甲基苯",---,ppb
東勢站,01,間-二乙基苯,---,ppb
東勢站,01,對-二乙基苯,---,ppbv
東勢站,01,正十一烷,---,ppbv
麥寮站,01,乙烷,---,ppb
麥寮站,01,乙烯,---,ppb
麥寮站,01,丙烷,---,ppb
麥寮站,01,丙烯,---,ppb
麥寮站,01,異丁烷,---,ppb
麥寮站,01,正丁烷,---,ppb
麥寮站,01,乙炔,---,ppb
麥寮站,01,反2-丁烯,---,ppb
麥寮站,01,1-丁烯,---,ppb
麥寮站,01,順2-丁烯,---,ppb
麥寮站,01,環戊烷,---,ppb
麥寮站,01,異戊烷,---,ppb
麥寮站,01,正戊烷,---,ppb
麥寮站,01,反2-戊烯,---,ppb
麥寮站,01,1-戊烯,---,ppb
麥寮站,01,順2-戊烯,---,ppb
麥寮站,01,"2,2-二甲基丁烷",---,ppb
麥寮站,01,"2,3-二甲基丁烷",---,ppb
麥寮站,01,2-甲基戊烷,---,ppb
麥寮站,01,3-甲基戊烷,---,ppb
麥寮站,01,異戊二烯,---,ppb
麥寮站,01,正己烷,---,ppb
麥寮站,01,甲基環戊烷,---,ppb
麥寮站,01,"2,4-二甲基戊烷",---,ppb
麥寮站,01,苯,---,ppb
麥寮站,01,環己烷,---,ppb
麥寮站,01,2-甲基己烷,---,ppb
麥寮站,01,"2,3-二甲基戊烷",---,ppb
麥寮站,01,3-甲基己烷,---,ppb
麥寮站,01,"2,2,4-三甲基戊烷",---,ppb
麥寮站,01,正庚烷,---,ppb
麥寮站,01,甲基環己烷,---,ppb
麥寮站,01,"2,3,4-三甲基戊烷",---,ppb
麥寮站,01,甲苯,---,ppb
麥寮站,01,2-甲基庚烷,---,ppb
麥寮站,01,3-甲基庚烷,---,ppb
麥寮站,01,正辛烷,---,ppb
麥寮站,01,乙苯,---,ppb
麥寮站,01,"間,對二甲苯",---,ppb
麥寮站,01,苯乙烯,---,ppb
麥寮站,01,鄰二甲苯,---,ppb
麥寮站,01,正壬烷,---,ppb
麥寮站,01,異丙基苯,---,ppb
麥寮站,01,正丙基苯,---,ppb
麥寮站,01,間-乙基甲苯,---,ppb
麥寮站,01,對-乙基甲苯,---,ppb
麥寮站,01,"1,3,5-三甲基苯",---,ppb
麥寮站,01,鄰-乙基甲苯,---,ppb
麥寮站,01,"1,2,4-三甲基苯",---,ppb
麥寮站,01,葵烷,---,ppb
麥寮站,01,"1,2,3-三甲基苯",---,ppb
麥寮站,01,間-二乙基苯,---,ppb
麥寮站,01,對-二乙基苯,---,ppbv
麥寮站,01,正十一烷,---,ppbv
台西站,01,乙烷,---,ppb
台西站,01,乙烯,---,ppb
台西站,01,丙烷,---,ppb
台西站,01,丙烯,---,ppb
台西站,01,異丁烷,---,ppb
台西站,01,正丁烷,---,ppb
台西站,01,乙炔,---,ppb
台西站,01,反2-丁烯,---,ppb
台西站,01,1-丁烯,---,ppb
台西站,01,順2-丁烯,---,ppb
台西站,01,環戊烷,---,ppb
台西站,01,異戊烷,---,ppb
台西站,01,正戊烷,---,ppb
台西站,01,反2-戊烯,---,ppb
台西站,01,1-戊烯,---,ppb
台西站,01,順2-戊烯,---,ppb
台西站,01,"2,2-二甲基丁烷",---,ppb
台西站,01,"2,3-二甲基丁烷",---,ppb
台西站,01,2-甲基戊烷,---,ppb
台西站,01,3-甲基戊烷,---,ppb
台西站,01,異戊二烯,---,ppb
台西站,01,正己烷,---,ppb
台西站,01,甲基環戊烷,---,ppb
台西站,01,"2,4-二甲基戊烷",---,ppb
台西站,01,苯,---,ppb
台西站,01,環己烷,---,ppb
台西站,01,2-甲基己烷,---,ppb
台西站,01,"2,3-二甲基戊烷",---,ppb
台西站,01,3-甲基己烷,---,ppb
台西站,01,"2,2,4-三甲基戊烷",---,ppb
台西站,01,正庚烷,---,ppb
台西站,01,甲基環己烷,---,ppb
台西站,01,"2,3,4-三甲基戊烷",---,ppb
台西站,01,甲苯,---,ppb
台西站,01,2-甲基庚烷,---,ppb
台西站,01,3-甲基庚烷,---,ppb
台西站,01,正辛烷,---,ppb
台西站,01,乙苯,---,ppb
台西站,01,"間,對二甲苯",---,ppb
台西站,01,苯乙烯,---,ppb
台西站,01,鄰二甲苯,---,ppb
台西站,01,正壬烷,---,ppb
台西站,01,異丙基苯,---,ppb
台西站,01,正丙基苯,---,ppb
台西站,01,間-乙基甲苯,---,ppb
台西站,01,對-乙基甲苯,---,ppb
台西站,01,"1,3,5-三甲基苯",---,ppb
台西站,01,鄰-乙基甲苯,---,ppb
台西站,01,"1,2,4-三甲基苯",---,ppb
台西站,01,葵烷,---,ppb
台西站,01,"1,2,3-三甲基苯",---,ppb
台西站,01,間-二乙基苯,---,ppb
台西站,01,對-二乙基苯,---,ppbv
台西站,01,正十一烷,---,ppbv
土庫站,01,乙烷,---,ppb
土庫站,01,乙烯,---,ppb
土庫站,01,丙烷,---,ppb
土庫站,01,丙烯,---,ppb
土庫站,01,異丁烷,---,ppb
土庫站,01,正丁烷,---,ppb
土庫站,01,乙炔,---,ppb
土庫站,01,反2-丁烯,---,ppb
土庫站,01,1-丁烯,---,ppb
土庫站,01,順2-丁烯,---,ppb
土庫站,01,環戊烷,---,ppb
土庫站,01,異戊烷,---,ppb
土庫站,01,正戊烷,---,ppb
土庫站,01,反2-戊烯,---,ppb
土庫站,01,1-戊烯,---,ppb
土庫站,01,順2-戊烯,---,ppb
土庫站,01,"2,2-二甲基丁烷",---,ppb
土庫站,01,"2,3-二甲基丁烷",---,ppb
土庫站,01,2-甲基戊烷,---,ppb
土庫站,01,3-甲基戊烷,---,ppb
土庫站,01,異戊二烯,---,ppb
土庫站,01,正己烷,---,ppb
土庫站,01,甲基環戊烷,---,ppb
土庫站,01,"2,4-二甲基戊烷",---,ppb
土庫站,01,苯,---,ppb
土庫站,01,環己烷,---,ppb
土庫站,01,2-甲基己烷,---,ppb
土庫站,01,"2,3-二甲基戊烷",---,ppb
土庫站,01,3-甲基己烷,---,ppb
土庫站,01,"2,2,4-三甲基戊烷",---,ppb
土庫站,01,正庚烷,---,ppb
土庫站,01,甲基環己烷,---,ppb
土庫站,01,"2,3,4-三甲基戊烷",---,ppb
土庫站,01,甲苯,---,ppb
土庫站,01,2-甲基庚烷,---,ppb
土庫站,01,3-甲基庚烷,---,ppb
土庫站,01,正辛烷,---,ppb
土庫站,01,乙苯,---,ppb
土庫站,01,"間,對二甲苯",---,ppb
土庫站,01,苯乙烯,---,ppb
土庫站,01,鄰二甲苯,---,ppb
土庫站,01,正壬烷,---,ppb
土庫站,01,異丙基苯,---,ppb
土庫站,01,正丙基苯,---,ppb
土庫站,01,間-乙基甲苯,---,ppb
土庫站,01,對-乙基甲苯,---,ppb
土庫站,01,"1,3,5-三甲基苯",---,ppb
土庫站,01,鄰-乙基甲苯,---,ppb
土庫站,01,"1,2,4-三甲基苯",---,ppb
土庫站,01,葵烷,---,ppb
土庫站,01,"1,2,3-三甲基苯",---,ppb
土庫站,01,間-二乙基苯,---,ppb
土庫站,01,對-二乙基苯,---,ppbv
土庫站,01,正十一烷,---,ppbv
西螺站,01,乙烷,---,ppb
西螺站,01,乙烯,---,ppb
西螺站,01,丙烷,---,ppb
西螺站,01,丙烯,---,ppb
西螺站,01,異丁烷,---,ppb
西螺站,01,正丁烷,---,ppb
西螺站,01,乙炔,---,ppb
西螺站,01,反2-丁烯,---,ppb
西螺站,01,1-丁烯,---,ppb
西螺站,01,順2-丁烯,---,ppb
西螺站,01,環戊烷,---,ppb
西螺站,01,異戊烷,---,ppb
西螺站,01,正戊烷,---,ppb
西螺站,01,反2-戊烯,---,ppb
西螺站,01,1-戊烯,---,ppb
西螺站,01,順2-戊烯,---,ppb
西螺站,01,"2,2-二甲基丁烷",---,ppb
西螺站,01,"2,3-二甲基丁烷",---,ppb
西螺站,01,2-甲基戊烷,---,ppb
西螺站,01,3-甲基戊烷,---,ppb
西螺站,01,異戊二烯,---,ppb
西螺站,01,正己烷,---,ppb
西螺站,01,甲基環戊烷,---,ppb
西螺站,01,"2,4-二甲基戊烷",---,ppb
西螺站,01,苯,---,ppb
西螺站,01,環己烷,---,ppb
西螺站,01,2-甲基己烷,---,ppb
西螺站,01,"2,3-二甲基戊烷",---,ppb
西螺站,01,3-甲基己烷,---,ppb
西螺站,01,"2,2,4-三甲基戊烷",---,ppb
西螺站,01,正庚烷,---,ppb
西螺站,01,甲基環己烷,---,ppb
西螺站,01,"2,3,4-三甲基戊烷",---,ppb
西螺站,01,甲苯,---,ppb
西螺站,01,2-甲基庚烷,---,ppb
西螺站,01,3-甲基庚烷,---,ppb
西螺站,01,正辛烷,---,ppb
西螺站,01,乙苯,---,ppb
西螺站,01,"間,對二甲苯",---,ppb
西螺站,01,苯乙烯,---,ppb
西螺站,01,鄰二甲苯,---,ppb
西螺站,01,正壬烷,---,ppb
西螺站,01,異丙基苯,---,ppb
西螺站,01,正丙基苯,---,ppb
西螺站,01,間-乙基甲苯,---,ppb
西螺站,01,對-乙基甲苯,---,ppb
西螺站,01,"1,3,5-三甲基苯",---,ppb
西螺站,01,鄰-乙基甲苯,---,ppb
西螺站,01,"1,2,4-三甲基苯",---,ppb
西螺站,01,葵烷,---,ppb
西螺站,01,"1,2,3-三甲基苯",---,ppb
西螺站,01,間-二乙基苯,---,ppb
西螺站,01,對-二乙基苯,---,ppbv
西螺站,01,正十一烷,---,ppbv
大城站,02,乙烷,1.34,ppb
大城站,02,乙烯,2.04,ppb
大城站,02,丙烷,3.59,ppb
大城站,02,丙烯,0.85,ppb
大城站,02,異丁烷,3.55,ppb
大城站,02,正丁烷,6.05,ppb
大城站,02,乙炔,1.06,ppb
大城站,02,反2-丁烯,0.38,ppb
大城站,02,1-丁烯,0,ppb
大城站,02,順2-丁烯,0.22,ppb
大城站,02,環戊烷,0,ppb
大城站,02,異戊烷,3.33,ppb
大城站,02,正戊烷,1.62,ppb
大城站,02,反2-戊烯,0.33,ppb
大城站,02,1-戊烯,0.14,ppb
大城站,02,順2-戊烯,0.12,ppb
大城站,02,"2,2-二甲基丁烷",0,ppb
大城站,02,"2,3-二甲基丁烷",0.31,ppb
大城站,02,2-甲基戊烷,0.89,ppb
大城站,02,3-甲基戊烷,0.53,ppb
大城站,02,異戊二烯,0.32,ppb
大城站,02,正己烷,0,ppb
大城站,02,甲基環戊烷,0,ppb
大城站,02,"2,4-二甲基戊烷",0,ppb
大城站,02,苯,0,ppb
大城站,02,環己烷,0,ppb
大城站,02,2-甲基己烷,0,ppb
大城站,02,"2,3-二甲基戊烷",0,ppb
大城站,02,3-甲基己烷,0,ppb
大城站,02,"2,2,4-三甲基戊烷",0,ppb
大城站,02,正庚烷,0,ppb
大城站,02,甲基環己烷,0,ppb
大城站,02,"2,3,4-三甲基戊烷",0,ppb
大城站,02,甲苯,5.29,ppb
大城站,02,2-甲基庚烷,0,ppb
大城站,02,3-甲基庚烷,0,ppb
大城站,02,正辛烷,0,ppb
大城站,02,乙苯,0.52,ppb
大城站,02,"間,對二甲苯",2.27,ppb
大城站,02,苯乙烯,0,ppb
大城站,02,鄰二甲苯,0.81,ppb
大城站,02,正壬烷,0,ppb
大城站,02,異丙基苯,0,ppb
大城站,02,正丙基苯,0,ppb
大城站,02,間-乙基甲苯,0.65,ppb
大城站,02,對-乙基甲苯,0.31,ppb
大城站,02,"1,3,5-三甲基苯",0,ppb
大城站,02,鄰-乙基甲苯,0.2,ppb
大城站,02,"1,2,4-三甲基苯",1.27,ppb
大城站,02,葵烷,0.47,ppb
大城站,02,"1,2,3-三甲基苯",0.48,ppb
大城站,02,間-二乙基苯,0,ppb
大城站,02,對-二乙基苯,0,ppbv
大城站,02,正十一烷,0.38,ppbv
東石站,02,乙烷,1.39,ppb
東石站,02,乙烯,1.16,ppb
東石站,02,丙烷,2.98,ppb
東石站,02,丙烯,0.73,ppb
東石站,02,異丁烷,1.81,ppb
東石站,02,正丁烷,3.77,ppb
東石站,02,乙炔,0,ppb
東石站,02,反2-丁烯,0.23,ppb
東石站,02,1-丁烯,0,ppb
東石站,02,順2-丁烯,0,ppb
東石站,02,環戊烷,0.45,ppb
東石站,02,異戊烷,2.72,ppb
東石站,02,正戊烷,0.81,ppb
東石站,02,反2-戊烯,0,ppb
東石站,02,1-戊烯,0,ppb
東石站,02,順2-戊烯,0,ppb
東石站,02,"2,2-二甲基丁烷",0,ppb
東石站,02,"2,3-二甲基丁烷",0.24,ppb
東石站,02,2-甲基戊烷,0.58,ppb
東石站,02,3-甲基戊烷,0.35,ppb
東石站,02,異戊二烯,0,ppb
東石站,02,正己烷,0,ppb
東石站,02,甲基環戊烷,0,ppb
東石站,02,"2,4-二甲基戊烷",0,ppb
東石站,02,苯,0.43,ppb
東石站,02,環己烷,0,ppb
東石站,02,2-甲基己烷,0,ppb
東石站,02,"2,3-二甲基戊烷",0,ppb
東石站,02,3-甲基己烷,0,ppb
東石站,02,"2,2,4-三甲基戊烷",0,ppb
東石站,02,正庚烷,0,ppb
東石站,02,甲基環己烷,0,ppb
東石站,02,"2,3,4-三甲基戊烷",0,ppb
東石站,02,甲苯,8.54,ppb
東石站,02,2-甲基庚烷,0,ppb
東石站,02,3-甲基庚烷,0,ppb
東石站,02,正辛烷,0,ppb
東石站,02,乙苯,0.52,ppb
東石站,02,"間,對二甲苯",1.21,ppb
東石站,02,苯乙烯,0,ppb
東石站,02,鄰二甲苯,0.49,ppb
東石站,02,正壬烷,0,ppb
東石站,02,異丙基苯,0,ppb
東石站,02,正丙基苯,0,ppb
東石站,02,間-乙基甲苯,0.3,ppb
東石站,02,對-乙基甲苯,0,ppb
東石站,02,"1,3,5-三甲基苯",0,ppb
東石站,02,鄰-乙基甲苯,0,ppb
東石站,02,"1,2,4-三甲基苯",0.77,ppb
東石站,02,葵烷,0,ppb
東石站,02,"1,2,3-三甲基苯",0.42,ppb
東石站,02,間-二乙基苯,0,ppb
東石站,02,對-二乙基苯,0,ppbv
東石站,02,正十一烷,0.59,ppbv
褒忠站,02,乙烷,---,ppb
褒忠站,02,乙烯,---,ppb
褒忠站,02,丙烷,---,ppb
褒忠站,02,丙烯,---,ppb
褒忠站,02,異丁烷,---,ppb
褒忠站,02,正丁烷,---,ppb
褒忠站,02,乙炔,---,ppb
褒忠站,02,反2-丁烯,---,ppb
褒忠站,02,1-丁烯,---,ppb
褒忠站,02,順2-丁烯,---,ppb
褒忠站,02,環戊烷,---,ppb
褒忠站,02,異戊烷,---,ppb
褒忠站,02,正戊烷,---,ppb
褒忠站,02,反2-戊烯,---,ppb
褒忠站,02,1-戊烯,---,ppb
褒忠站,02,順2-戊烯,---,ppb
褒忠站,02,"2,2-二甲基丁烷",---,ppb
褒忠站,02,"2,3-二甲基丁烷",---,ppb
褒忠站,02,2-甲基戊烷,---,ppb
褒忠站,02,3-甲基戊烷,---,ppb
褒忠站,02,異戊二烯,---,ppb
褒忠站,02,正己烷,---,ppb
褒忠站,02,甲基環戊烷,---,ppb
褒忠站,02,"2,4-二甲基戊烷",---,ppb
褒忠站,02,苯,---,ppb
褒忠站,02,環己烷,---,ppb
褒忠站,02,2-甲基己烷,---,ppb
褒忠站,02,"2,3-二甲基戊烷",---,ppb
褒忠站,02,3-甲基己烷,---,ppb
褒忠站,02,"2,2,4-三甲基戊烷",---,ppb
褒忠站,02,正庚烷,---,ppb
褒忠站,02,甲基環己烷,---,ppb
褒忠站,02,"2,3,4-三甲基戊烷",---,ppb
褒忠站,02,甲苯,---,ppb
褒忠站,02,2-甲基庚烷,---,ppb
褒忠站,02,3-甲基庚烷,---,ppb
褒忠站,02,正辛烷,---,ppb
褒忠站,02,乙苯,---,ppb
褒忠站,02,"間,對二甲苯",---,ppb
褒忠站,02,苯乙烯,---,ppb
褒忠站,02,鄰二甲苯,---,ppb
褒忠站,02,正壬烷,---,ppb
褒忠站,02,異丙基苯,---,ppb
褒忠站,02,正丙基苯,---,ppb
褒忠站,02,間-乙基甲苯,---,ppb
褒忠站,02,對-乙基甲苯,---,ppb
褒忠站,02,"1,3,5-三甲基苯",---,ppb
褒忠站,02,鄰-乙基甲苯,---,ppb
褒忠站,02,"1,2,4-三甲基苯",---,ppb
褒忠站,02,葵烷,---,ppb
褒忠站,02,"1,2,3-三甲基苯",---,ppb
褒忠站,02,間-二乙基苯,---,ppb
褒忠站,02,對-二乙基苯,---,ppbv
褒忠站,02,正十一烷,---,ppbv
崙背站,02,乙烷,1.3,ppb
崙背站,02,乙烯,1.75,ppb
崙背站,02,丙烷,2.71,ppb
崙背站,02,丙烯,0.82,ppb
崙背站,02,異丁烷,2.07,ppb
崙背站,02,正丁烷,3.58,ppb
崙背站,02,乙炔,3.19,ppb
崙背站,02,反2-丁烯,0.29,ppb
崙背站,02,1-丁烯,0.61,ppb
崙背站,02,順2-丁烯,0,ppb
崙背站,02,環戊烷,0.75,ppb
崙背站,02,異戊烷,3.18,ppb
崙背站,02,正戊烷,1.14,ppb
崙背站,02,反2-戊烯,0.15,ppb
崙背站,02,1-戊烯,0,ppb
崙背站,02,順2-戊烯,0,ppb
崙背站,02,"2,2-二甲基丁烷",0,ppb
崙背站,02,"2,3-二甲基丁烷",0.17,ppb
崙背站,02,2-甲基戊烷,0.49,ppb
崙背站,02,3-甲基戊烷,0.32,ppb
崙背站,02,異戊二烯,0,ppb
崙背站,02,正己烷,0,ppb
崙背站,02,甲基環戊烷,0,ppb
崙背站,02,"2,4-二甲基戊烷",0,ppb
崙背站,02,苯,0,ppb
崙背站,02,環己烷,0,ppb
崙背站,02,2-甲基己烷,0,ppb
崙背站,02,"2,3-二甲基戊烷",0,ppb
崙背站,02,3-甲基己烷,0,ppb
崙背站,02,"2,2,4-三甲基戊烷",0,ppb
崙背站,02,正庚烷,0,ppb
崙背站,02,甲基環己烷,0,ppb
崙背站,02,"2,3,4-三甲基戊烷",0,ppb
崙背站,02,甲苯,3.47,ppb
崙背站,02,2-甲基庚烷,0,ppb
崙背站,02,3-甲基庚烷,0,ppb
崙背站,02,正辛烷,0,ppb
崙背站,02,乙苯,0,ppb
崙背站,02,"間,對二甲苯",1.34,ppb
崙背站,02,苯乙烯,0,ppb
崙背站,02,鄰二甲苯,0.47,ppb
崙背站,02,正壬烷,0,ppb
崙背站,02,異丙基苯,0,ppb
崙背站,02,正丙基苯,0,ppb
崙背站,02,間-乙基甲苯,0.29,ppb
崙背站,02,對-乙基甲苯,0,ppb
崙背站,02,"1,3,5-三甲基苯",0,ppb
崙背站,02,鄰-乙基甲苯,0,ppb
崙背站,02,"1,2,4-三甲基苯",1,ppb
崙背站,02,葵烷,0.38,ppb
崙背站,02,"1,2,3-三甲基苯",0,ppb
崙背站,02,間-二乙基苯,0,ppb
崙背站,02,對-二乙基苯,0,ppbv
崙背站,02,正十一烷,0,ppbv
四湖站,02,乙烷,1.38,ppb
四湖站,02,乙烯,1.62,ppb
四湖站,02,丙烷,2.74,ppb
四湖站,02,丙烯,0,ppb
四湖站,02,異丁烷,1.61,ppb
四湖站,02,正丁烷,2.94,ppb
四湖站,02,乙炔,0,ppb
四湖站,02,反2-丁烯,0,ppb
四湖站,02,1-丁烯,0.19,ppb
四湖站,02,順2-丁烯,0.75,ppb
四湖站,02,環戊烷,0,ppb
四湖站,02,異戊烷,0.47,ppb
四湖站,02,正戊烷,0,ppb
四湖站,02,反2-戊烯,0.17,ppb
四湖站,02,1-戊烯,0,ppb
四湖站,02,順2-戊烯,0,ppb
四湖站,02,"2,2-二甲基丁烷",0,ppb
四湖站,02,"2,3-二甲基丁烷",0.2,ppb
四湖站,02,2-甲基戊烷,0.54,ppb
四湖站,02,3-甲基戊烷,0.29,ppb
四湖站,02,異戊二烯,0.18,ppb
四湖站,02,正己烷,0.5,ppb
四湖站,02,甲基環戊烷,0.43,ppb
四湖站,02,"2,4-二甲基戊烷",0,ppb
四湖站,02,苯,1.22,ppb
四湖站,02,環己烷,0,ppb
四湖站,02,2-甲基己烷,0.34,ppb
四湖站,02,"2,3-二甲基戊烷",0,ppb
四湖站,02,3-甲基己烷,0.41,ppb
四湖站,02,"2,2,4-三甲基戊烷",0.51,ppb
四湖站,02,正庚烷,0.31,ppb
四湖站,02,甲基環己烷,0.16,ppb
四湖站,02,"2,3,4-三甲基戊烷",0.3,ppb
四湖站,02,甲苯,4.49,ppb
四湖站,02,2-甲基庚烷,0,ppb
四湖站,02,3-甲基庚烷,0,ppb
四湖站,02,正辛烷,0,ppb
四湖站,02,乙苯,0.56,ppb
四湖站,02,"間,對二甲苯",2.07,ppb
四湖站,02,苯乙烯,1.19,ppb
四湖站,02,鄰二甲苯,0.58,ppb
四湖站,02,正壬烷,0,ppb
四湖站,02,異丙基苯,0,ppb
四湖站,02,正丙基苯,0,ppb
四湖站,02,間-乙基甲苯,0.35,ppb
四湖站,02,對-乙基甲苯,0,ppb
四湖站,02,"1,3,5-三甲基苯",0,ppb
四湖站,02,鄰-乙基甲苯,0,ppb
四湖站,02,"1,2,4-三甲基苯",0.72,ppb
四湖站,02,葵烷,0.04,ppb
四湖站,02,"1,2,3-三甲基苯",0.53,ppb
四湖站,02,間-二乙基苯,0.08,ppb
四湖站,02,對-二乙基苯,0.06,ppbv
四湖站,02,正十一烷,1.16,ppbv
東勢站,02,乙烷,0.92,ppb
東勢站,02,乙烯,1.45,ppb
東勢站,02,丙烷,4.62,ppb
東勢站,02,丙烯,1.06,ppb
東勢站,02,異丁烷,3.58,ppb
東勢站,02,正丁烷,6.93,ppb
東勢站,02,乙炔,7.79,ppb
東勢站,02,反2-丁烯,0.54,ppb
東勢站,02,1-丁烯,0,ppb
東勢站,02,順2-丁烯,0.32,ppb
東勢站,02,環戊烷,1.54,ppb
東勢站,02,異戊烷,7.83,ppb
東勢站,02,正戊烷,2.69,ppb
東勢站,02,反2-戊烯,0.41,ppb
東勢站,02,1-戊烯,0.27,ppb
東勢站,02,順2-戊烯,0.21,ppb
東勢站,02,"2,2-二甲基丁烷",0.16,ppb
東勢站,02,"2,3-二甲基丁烷",0.33,ppb
東勢站,02,2-甲基戊烷,1.08,ppb
東勢站,02,3-甲基戊烷,0.54,ppb
東勢站,02,異戊二烯,0.3,ppb
東勢站,02,正己烷,0.31,ppb
東勢站,02,甲基環戊烷,0.72,ppb
東勢站,02,"2,4-二甲基戊烷",0,ppb
東勢站,02,苯,1.28,ppb
東勢站,02,環己烷,0,ppb
東勢站,02,2-甲基己烷,0.3,ppb
東勢站,02,"2,3-二甲基戊烷",0,ppb
東勢站,02,3-甲基己烷,0.34,ppb
東勢站,02,"2,2,4-三甲基戊烷",0.82,ppb
東勢站,02,正庚烷,0.34,ppb
東勢站,02,甲基環己烷,0,ppb
東勢站,02,"2,3,4-三甲基戊烷",0.47,ppb
東勢站,02,甲苯,5.66,ppb
東勢站,02,2-甲基庚烷,0,ppb
東勢站,02,3-甲基庚烷,0,ppb
東勢站,02,正辛烷,0.08,ppb
東勢站,02,乙苯,0.9,ppb
東勢站,02,"間,對二甲苯",3.5,ppb
東勢站,02,苯乙烯,0.59,ppb
東勢站,02,鄰二甲苯,1.2,ppb
東勢站,02,正壬烷,0.26,ppb
東勢站,02,異丙基苯,0,ppb
東勢站,02,正丙基苯,0.24,ppb
東勢站,02,間-乙基甲苯,0.95,ppb
東勢站,02,對-乙基甲苯,0.62,ppb
東勢站,02,"1,3,5-三甲基苯",0.34,ppb
東勢站,02,鄰-乙基甲苯,0.41,ppb
東勢站,02,"1,2,4-三甲基苯",1.87,ppb
東勢站,02,葵烷,0.14,ppb
東勢站,02,"1,2,3-三甲基苯",0.67,ppb
東勢站,02,間-二乙基苯,0.06,ppb
東勢站,02,對-二乙基苯,0.33,ppbv
東勢站,02,正十一烷,0.44,ppbv
麥寮站,02,乙烷,0.84,ppb
麥寮站,02,乙烯,1.59,ppb
麥寮站,02,丙烷,1.61,ppb
麥寮站,02,丙烯,0,ppb
麥寮站,02,異丁烷,1.72,ppb
麥寮站,02,正丁烷,3.51,ppb
麥寮站,02,乙炔,0,ppb
麥寮站,02,反2-丁烯,0.16,ppb
麥寮站,02,1-丁烯,0,ppb
麥寮站,02,順2-丁烯,0.13,ppb
麥寮站,02,環戊烷,0,ppb
麥寮站,02,異戊烷,2.75,ppb
麥寮站,02,正戊烷,1.08,ppb
麥寮站,02,反2-戊烯,0.13,ppb
麥寮站,02,1-戊烯,0.19,ppb
麥寮站,02,順2-戊烯,0,ppb
麥寮站,02,"2,2-二甲基丁烷",0,ppb
麥寮站,02,"2,3-二甲基丁烷",0.15,ppb
麥寮站,02,2-甲基戊烷,0.51,ppb
麥寮站,02,3-甲基戊烷,0.37,ppb
麥寮站,02,異戊二烯,0,ppb
麥寮站,02,正己烷,0.67,ppb
麥寮站,02,甲基環戊烷,0.42,ppb
麥寮站,02,"2,4-二甲基戊烷",0,ppb
麥寮站,02,苯,0.63,ppb
麥寮站,02,環己烷,0.14,ppb
麥寮站,02,2-甲基己烷,0.34,ppb
麥寮站,02,"2,3-二甲基戊烷",0.21,ppb
麥寮站,02,3-甲基己烷,0.3,ppb
麥寮站,02,"2,2,4-三甲基戊烷",0.69,ppb
麥寮站,02,正庚烷,0.27,ppb
麥寮站,02,甲基環己烷,0.12,ppb
麥寮站,02,"2,3,4-三甲基戊烷",0.3,ppb
麥寮站,02,甲苯,4.93,ppb
麥寮站,02,2-甲基庚烷,0.06,ppb
麥寮站,02,3-甲基庚烷,0.09,ppb
麥寮站,02,正辛烷,0.16,ppb
麥寮站,02,乙苯,0.57,ppb
麥寮站,02,"間,對二甲苯",2.22,ppb
麥寮站,02,苯乙烯,0,ppb
麥寮站,02,鄰二甲苯,0.8,ppb
麥寮站,02,正壬烷,0.12,ppb
麥寮站,02,異丙基苯,0,ppb
麥寮站,02,正丙基苯,0.22,ppb
麥寮站,02,間-乙基甲苯,0.54,ppb
麥寮站,02,對-乙基甲苯,0.28,ppb
麥寮站,02,"1,3,5-三甲基苯",0.28,ppb
麥寮站,02,鄰-乙基甲苯,0.26,ppb
麥寮站,02,"1,2,4-三甲基苯",1.12,ppb
麥寮站,02,葵烷,0.11,ppb
麥寮站,02,"1,2,3-三甲基苯",0.71,ppb
麥寮站,02,間-二乙基苯,0.06,ppb
麥寮站,02,對-二乙基苯,0.13,ppbv
麥寮站,02,正十一烷,0.49,ppbv
台西站,02,乙烷,1.25,ppb
台西站,02,乙烯,1.74,ppb
台西站,02,丙烷,3.34,ppb
台西站,02,丙烯,1.05,ppb
台西站,02,異丁烷,2.03,ppb
台西站,02,正丁烷,3.8,ppb
台西站,02,乙炔,8.36,ppb
台西站,02,反2-丁烯,0.39,ppb
台西站,02,1-丁烯,0.79,ppb
台西站,02,順2-丁烯,0.16,ppb
台西站,02,環戊烷,0.68,ppb
台西站,02,異戊烷,3.8,ppb
台西站,02,正戊烷,1.66,ppb
台西站,02,反2-戊烯,0.18,ppb
台西站,02,1-戊烯,0.13,ppb
台西站,02,順2-戊烯,0,ppb
台西站,02,"2,2-二甲基丁烷",0,ppb
台西站,02,"2,3-二甲基丁烷",0.28,ppb
台西站,02,2-甲基戊烷,0.86,ppb
台西站,02,3-甲基戊烷,0.48,ppb
台西站,02,異戊二烯,0.26,ppb
台西站,02,正己烷,0.08,ppb
台西站,02,甲基環戊烷,0,ppb
台西站,02,"2,4-二甲基戊烷",0,ppb
台西站,02,苯,0.31,ppb
台西站,02,環己烷,0,ppb
台西站,02,2-甲基己烷,0,ppb
台西站,02,"2,3-二甲基戊烷",0,ppb
台西站,02,3-甲基己烷,0.02,ppb
台西站,02,"2,2,4-三甲基戊烷",0.12,ppb
台西站,02,正庚烷,0,ppb
台西站,02,甲基環己烷,0.05,ppb
台西站,02,"2,3,4-三甲基戊烷",0,ppb
台西站,02,甲苯,4.85,ppb
台西站,02,2-甲基庚烷,0,ppb
台西站,02,3-甲基庚烷,0,ppb
台西站,02,正辛烷,0,ppb
台西站,02,乙苯,0.22,ppb
台西站,02,"間,對二甲苯",2.74,ppb
台西站,02,苯乙烯,0.33,ppb
台西站,02,鄰二甲苯,0.77,ppb
台西站,02,正壬烷,0,ppb
台西站,02,異丙基苯,0,ppb
台西站,02,正丙基苯,0,ppb
台西站,02,間-乙基甲苯,0.56,ppb
台西站,02,對-乙基甲苯,0,ppb
台西站,02,"1,3,5-三甲基苯",0,ppb
台西站,02,鄰-乙基甲苯,0.34,ppb
台西站,02,"1,2,4-三甲基苯",1.07,ppb
台西站,02,葵烷,0,ppb
台西站,02,"1,2,3-三甲基苯",0.5,ppb
台西站,02,間-二乙基苯,0,ppb
台西站,02,對-二乙基苯,0.17,ppbv
台西站,02,正十一烷,0.36,ppbv
土庫站,02,乙烷,2.09,ppb
土庫站,02,乙烯,4.29,ppb
土庫站,02,丙烷,7.7,ppb
土庫站,02,丙烯,1.89,ppb
土庫站,02,異丁烷,4.12,ppb
土庫站,02,正丁烷,7.24,ppb
土庫站,02,乙炔,17.76,ppb
土庫站,02,反2-丁烯,0.79,ppb
土庫站,02,1-丁烯,0.87,ppb
土庫站,02,順2-丁烯,0.54,ppb
土庫站,02,環戊烷,1.28,ppb
土庫站,02,異戊烷,7.41,ppb
土庫站,02,正戊烷,3,ppb
土庫站,02,反2-戊烯,0.73,ppb
土庫站,02,1-戊烯,0.33,ppb
土庫站,02,順2-戊烯,0.36,ppb
土庫站,02,"2,2-二甲基丁烷",0.37,ppb
土庫站,02,"2,3-二甲基丁烷",0.54,ppb
土庫站,02,2-甲基戊烷,1.62,ppb
土庫站,02,3-甲基戊烷,1.04,ppb
土庫站,02,異戊二烯,0.73,ppb
土庫站,02,正己烷,0,ppb
土庫站,02,甲基環戊烷,0,ppb
土庫站,02,"2,4-二甲基戊烷",0,ppb
土庫站,02,苯,1.67,ppb
土庫站,02,環己烷,0,ppb
土庫站,02,2-甲基己烷,0,ppb
土庫站,02,"2,3-二甲基戊烷",0,ppb
土庫站,02,3-甲基己烷,0.32,ppb
土庫站,02,"2,2,4-三甲基戊烷",0,ppb
土庫站,02,正庚烷,0,ppb
土庫站,02,甲基環己烷,0,ppb
土庫站,02,"2,3,4-三甲基戊烷",0.04,ppb
土庫站,02,甲苯,9.07,ppb
土庫站,02,2-甲基庚烷,0,ppb
土庫站,02,3-甲基庚烷,0,ppb
土庫站,02,正辛烷,0,ppb
土庫站,02,乙苯,0.65,ppb
土庫站,02,"間,對二甲苯",3.52,ppb
土庫站,02,苯乙烯,0,ppb
土庫站,02,鄰二甲苯,1.19,ppb
土庫站,02,正壬烷,0.19,ppb
土庫站,02,異丙基苯,0,ppb
土庫站,02,正丙基苯,0.34,ppb
土庫站,02,間-乙基甲苯,0.99,ppb
土庫站,02,對-乙基甲苯,0.41,ppb
土庫站,02,"1,3,5-三甲基苯",0.47,ppb
土庫站,02,鄰-乙基甲苯,0.43,ppb
土庫站,02,"1,2,4-三甲基苯",1.88,ppb
土庫站,02,葵烷,0.26,ppb
土庫站,02,"1,2,3-三甲基苯",0.72,ppb
土庫站,02,間-二乙基苯,0,ppb
土庫站,02,對-二乙基苯,0,ppbv
土庫站,02,正十一烷,0.32,ppbv
西螺站,02,乙烷,0.64,ppb
西螺站,02,乙烯,0.64,ppb
西螺站,02,丙烷,1.99,ppb
西螺站,02,丙烯,0.53,ppb
西螺站,02,異丁烷,1.12,ppb
西螺站,02,正丁烷,2.51,ppb
西螺站,02,乙炔,0.63,ppb
西螺站,02,反2-丁烯,0.31,ppb
西螺站,02,1-丁烯,0.45,ppb
西螺站,02,順2-丁烯,0.31,ppb
西螺站,02,環戊烷,0,ppb
西螺站,02,異戊烷,2.23,ppb
西螺站,02,正戊烷,1.04,ppb
西螺站,02,反2-戊烯,0.3,ppb
西螺站,02,1-戊烯,0.19,ppb
西螺站,02,順2-戊烯,0.12,ppb
西螺站,02,"2,2-二甲基丁烷",0,ppb
西螺站,02,"2,3-二甲基丁烷",0.18,ppb
西螺站,02,2-甲基戊烷,0.49,ppb
西螺站,02,3-甲基戊烷,0.37,ppb
西螺站,02,異戊二烯,0.35,ppb
西螺站,02,正己烷,0.34,ppb
西螺站,02,甲基環戊烷,0.31,ppb
西螺站,02,"2,4-二甲基戊烷",0,ppb
西螺站,02,苯,0.41,ppb
西螺站,02,環己烷,0.07,ppb
西螺站,02,2-甲基己烷,0.07,ppb
西螺站,02,"2,3-二甲基戊烷",0,ppb
西螺站,02,3-甲基己烷,0.18,ppb
西螺站,02,"2,2,4-三甲基戊烷",0.37,ppb
西螺站,02,正庚烷,0.25,ppb
西螺站,02,甲基環己烷,0.05,ppb
西螺站,02,"2,3,4-三甲基戊烷",0.21,ppb
西螺站,02,甲苯,3.42,ppb
西螺站,02,2-甲基庚烷,0.04,ppb
西螺站,02,3-甲基庚烷,0.09,ppb
西螺站,02,正辛烷,0.02,ppb
西螺站,02,乙苯,0.39,ppb
西螺站,02,"間,對二甲苯",1.3,ppb
西螺站,02,苯乙烯,0,ppb
西螺站,02,鄰二甲苯,0.36,ppb
西螺站,02,正壬烷,0.03,ppb
西螺站,02,異丙基苯,0.01,ppb
西螺站,02,正丙基苯,0.02,ppb
西螺站,02,間-乙基甲苯,0.24,ppb
西螺站,02,對-乙基甲苯,0,ppb
西螺站,02,"1,3,5-三甲基苯",0.03,ppb
西螺站,02,鄰-乙基甲苯,0.11,ppb
西螺站,02,"1,2,4-三甲基苯",0.79,ppb
西螺站,02,葵烷,0.01,ppb
西螺站,02,"1,2,3-三甲基苯",0.54,ppb
西螺站,02,間-二乙基苯,0.01,ppb
西螺站,02,對-二乙基苯,0.05,ppbv
西螺站,02,正十一烷,0.6,ppbv
大城站,03,乙烷,1.39,ppb
大城站,03,乙烯,2.09,ppb
大城站,03,丙烷,4.1,ppb
大城站,03,丙烯,0.61,ppb
大城站,03,異丁烷,2.22,ppb
大城站,03,正丁烷,3.64,ppb
大城站,03,乙炔,5.15,ppb
大城站,03,反2-丁烯,0.38,ppb
大城站,03,1-丁烯,0.59,ppb
大城站,03,順2-丁烯,0.27,ppb
大城站,03,環戊烷,0,ppb
大城站,03,異戊烷,2.78,ppb
大城站,03,正戊烷,1.48,ppb
大城站,03,反2-戊烯,0.23,ppb
大城站,03,1-戊烯,0,ppb
大城站,03,順2-戊烯,0,ppb
大城站,03,"2,2-二甲基丁烷",0,ppb
大城站,03,"2,3-二甲基丁烷",0.33,ppb
大城站,03,2-甲基戊烷,0.65,ppb
大城站,03,3-甲基戊烷,0.41,ppb
大城站,03,異戊二烯,0.77,ppb
大城站,03,正己烷,0,ppb
大城站,03,甲基環戊烷,0,ppb
大城站,03,"2,4-二甲基戊烷",0,ppb
大城站,03,苯,0,ppb
大城站,03,環己烷,0,ppb
大城站,03,2-甲基己烷,0,ppb
大城站,03,"2,3-二甲基戊烷",0,ppb
大城站,03,3-甲基己烷,0,ppb
大城站,03,"2,2,4-三甲基戊烷",0,ppb
大城站,03,正庚烷,0,ppb
大城站,03,甲基環己烷,0,ppb
大城站,03,"2,3,4-三甲基戊烷",0,ppb
大城站,03,甲苯,4.26,ppb
大城站,03,2-甲基庚烷,0,ppb
大城站,03,3-甲基庚烷,0,ppb
大城站,03,正辛烷,0,ppb
大城站,03,乙苯,0,ppb
大城站,03,"間,對二甲苯",1.88,ppb
大城站,03,苯乙烯,0,ppb
大城站,03,鄰二甲苯,0.63,ppb
大城站,03,正壬烷,0,ppb
大城站,03,異丙基苯,0,ppb
大城站,03,正丙基苯,0,ppb
大城站,03,間-乙基甲苯,0.37,ppb
大城站,03,對-乙基甲苯,0,ppb
大城站,03,"1,3,5-三甲基苯",0,ppb
大城站,03,鄰-乙基甲苯,0.06,ppb
大城站,03,"1,2,4-三甲基苯",0.91,ppb
大城站,03,葵烷,0,ppb
大城站,03,"1,2,3-三甲基苯",0.37,ppb
大城站,03,間-二乙基苯,0,ppb
大城站,03,對-二乙基苯,0,ppbv
大城站,03,正十一烷,0.31,ppbv
東石站,03,乙烷,1.19,ppb
東石站,03,乙烯,1.96,ppb
東石站,03,丙烷,5.05,ppb
東石站,03,丙烯,0.82,ppb
東石站,03,異丁烷,2.89,ppb
東石站,03,正丁烷,5.56,ppb
東石站,03,乙炔,1.66,ppb
東石站,03,反2-丁烯,0.52,ppb
東石站,03,1-丁烯,0.72,ppb
東石站,03,順2-丁烯,0.13,ppb
東石站,03,環戊烷,0,ppb
東石站,03,異戊烷,5.7,ppb
東石站,03,正戊烷,1.02,ppb
東石站,03,反2-戊烯,0.22,ppb
東石站,03,1-戊烯,0.13,ppb
東石站,03,順2-戊烯,0,ppb
東石站,03,"2,2-二甲基丁烷",0,ppb
東石站,03,"2,3-二甲基丁烷",0,ppb
東石站,03,2-甲基戊烷,0,ppb
東石站,03,3-甲基戊烷,0,ppb
東石站,03,異戊二烯,0.42,ppb
東石站,03,正己烷,0.17,ppb
東石站,03,甲基環戊烷,0.11,ppb
東石站,03,"2,4-二甲基戊烷",0,ppb
東石站,03,苯,0,ppb
東石站,03,環己烷,0,ppb
東石站,03,2-甲基己烷,0,ppb
東石站,03,"2,3-二甲基戊烷",0,ppb
東石站,03,3-甲基己烷,0.38,ppb
東石站,03,"2,2,4-三甲基戊烷",0.54,ppb
東石站,03,正庚烷,0.39,ppb
東石站,03,甲基環己烷,0,ppb
東石站,03,"2,3,4-三甲基戊烷",0.28,ppb
東石站,03,甲苯,9.44,ppb
東石站,03,2-甲基庚烷,0,ppb
東石站,03,3-甲基庚烷,0,ppb
東石站,03,正辛烷,0,ppb
東石站,03,乙苯,0.53,ppb
東石站,03,"間,對二甲苯",1.67,ppb
東石站,03,苯乙烯,1.68,ppb
東石站,03,鄰二甲苯,0.83,ppb
東石站,03,正壬烷,0,ppb
東石站,03,異丙基苯,0,ppb
東石站,03,正丙基苯,0,ppb
東石站,03,間-乙基甲苯,0.44,ppb
東石站,03,對-乙基甲苯,0,ppb
東石站,03,"1,3,5-三甲基苯",0,ppb
東石站,03,鄰-乙基甲苯,0,ppb
東石站,03,"1,2,4-三甲基苯",0.88,ppb
東石站,03,葵烷,0,ppb
東石站,03,"1,2,3-三甲基苯",0.45,ppb
東石站,03,間-二乙基苯,0,ppb
東石站,03,對-二乙基苯,0,ppbv
東石站,03,正十一烷,0.38,ppbv
褒忠站,03,乙烷,---,ppb
褒忠站,03,乙烯,---,ppb
褒忠站,03,丙烷,---,ppb
褒忠站,03,丙烯,---,ppb
褒忠站,03,異丁烷,---,ppb
褒忠站,03,正丁烷,---,ppb
褒忠站,03,乙炔,---,ppb
褒忠站,03,反2-丁烯,---,ppb
褒忠站,03,1-丁烯,---,ppb
褒忠站,03,順2-丁烯,---,ppb
褒忠站,03,環戊烷,---,ppb
褒忠站,03,異戊烷,---,ppb
褒忠站,03,正戊烷,---,ppb
褒忠站,03,反2-戊烯,---,ppb
褒忠站,03,1-戊烯,---,ppb
褒忠站,03,順2-戊烯,---,ppb
褒忠站,03,"2,2-二甲基丁烷",---,ppb
褒忠站,03,"2,3-二甲基丁烷",---,ppb
褒忠站,03,2-甲基戊烷,---,ppb
褒忠站,03,3-甲基戊烷,---,ppb
褒忠站,03,異戊二烯,---,ppb
褒忠站,03,正己烷,---,ppb
褒忠站,03,甲基環戊烷,---,ppb
褒忠站,03,"2,4-二甲基戊烷",---,ppb
褒忠站,03,苯,---,ppb
褒忠站,03,環己烷,---,ppb
褒忠站,03,2-甲基己烷,---,ppb
褒忠站,03,"2,3-二甲基戊烷",---,ppb
褒忠站,03,3-甲基己烷,---,ppb
褒忠站,03,"2,2,4-三甲基戊烷",---,ppb
褒忠站,03,正庚烷,---,ppb
褒忠站,03,甲基環己烷,---,ppb
褒忠站,03,"2,3,4-三甲基戊烷",---,ppb
褒忠站,03,甲苯,---,ppb
褒忠站,03,2-甲基庚烷,---,ppb
褒忠站,03,3-甲基庚烷,---,ppb
褒忠站,03,正辛烷,---,ppb
褒忠站,03,乙苯,---,ppb
褒忠站,03,"間,對二甲苯",---,ppb
褒忠站,03,苯乙烯,---,ppb
褒忠站,03,鄰二甲苯,---,ppb
褒忠站,03,正壬烷,---,ppb
褒忠站,03,異丙基苯,---,ppb
褒忠站,03,正丙基苯,---,ppb
褒忠站,03,間-乙基甲苯,---,ppb
褒忠站,03,對-乙基甲苯,---,ppb
褒忠站,03,"1,3,5-三甲基苯",---,ppb
褒忠站,03,鄰-乙基甲苯,---,ppb
褒忠站,03,"1,2,4-三甲基苯",---,ppb
褒忠站,03,葵烷,---,ppb
褒忠站,03,"1,2,3-三甲基苯",---,ppb
褒忠站,03,間-二乙基苯,---,ppb
褒忠站,03,對-二乙基苯,---,ppbv
褒忠站,03,正十一烷,---,ppbv
崙背站,03,乙烷,1.18,ppb
崙背站,03,乙烯,1.72,ppb
崙背站,03,丙烷,2.43,ppb
崙背站,03,丙烯,0.75,ppb
崙背站,03,異丁烷,1.78,ppb
崙背站,03,正丁烷,3.29,ppb
崙背站,03,乙炔,3.71,ppb
崙背站,03,反2-丁烯,0.34,ppb
崙背站,03,1-丁烯,0.59,ppb
崙背站,03,順2-丁烯,0.22,ppb
崙背站,03,環戊烷,0.6,ppb
崙背站,03,異戊烷,2.92,ppb
崙背站,03,正戊烷,1.19,ppb
崙背站,03,反2-戊烯,0.17,ppb
崙背站,03,1-戊烯,0,ppb
崙背站,03,順2-戊烯,0,ppb
崙背站,03,"2,2-二甲基丁烷",0,ppb
崙背站,03,"2,3-二甲基丁烷",0.24,ppb
崙背站,03,2-甲基戊烷,0.48,ppb
崙背站,03,3-甲基戊烷,0.39,ppb
崙背站,03,異戊二烯,0.41,ppb
崙背站,03,正己烷,0,ppb
崙背站,03,甲基環戊烷,0,ppb
崙背站,03,"2,4-二甲基戊烷",0,ppb
崙背站,03,苯,0,ppb
崙背站,03,環己烷,0,ppb
崙背站,03,2-甲基己烷,0,ppb
崙背站,03,"2,3-二甲基戊烷",0,ppb
崙背站,03,3-甲基己烷,0,ppb
崙背站,03,"2,2,4-三甲基戊烷",0,ppb
崙背站,03,正庚烷,0,ppb
崙背站,03,甲基環己烷,0,ppb
崙背站,03,"2,3,4-三甲基戊烷",0,ppb
崙背站,03,甲苯,3.03,ppb
崙背站,03,2-甲基庚烷,0,ppb
崙背站,03,3-甲基庚烷,0,ppb
崙背站,03,正辛烷,0,ppb
崙背站,03,乙苯,0.05,ppb
崙背站,03,"間,對二甲苯",1.25,ppb
崙背站,03,苯乙烯,0,ppb
崙背站,03,鄰二甲苯,0.39,ppb
崙背站,03,正壬烷,0,ppb
崙背站,03,異丙基苯,0,ppb
崙背站,03,正丙基苯,0,ppb
崙背站,03,間-乙基甲苯,0.32,ppb
崙背站,03,對-乙基甲苯,0,ppb
崙背站,03,"1,3,5-三甲基苯",0,ppb
崙背站,03,鄰-乙基甲苯,0,ppb
崙背站,03,"1,2,4-三甲基苯",0.85,ppb
崙背站,03,葵烷,0,ppb
崙背站,03,"1,2,3-三甲基苯",0.19,ppb
崙背站,03,間-二乙基苯,0,ppb
崙背站,03,對-二乙基苯,0,ppbv
崙背站,03,正十一烷,0.12,ppbv
四湖站,03,乙烷,1.7,ppb
四湖站,03,乙烯,2.59,ppb
四湖站,03,丙烷,5.09,ppb
四湖站,03,丙烯,1.64,ppb
四湖站,03,異丁烷,2.96,ppb
四湖站,03,正丁烷,5.56,ppb
四湖站,03,乙炔,8.18,ppb
四湖站,03,反2-丁烯,0.32,ppb
四湖站,03,1-丁烯,2.3,ppb
四湖站,03,順2-丁烯,0.28,ppb
四湖站,03,環戊烷,0.89,ppb
四湖站,03,異戊烷,12.55,ppb
四湖站,03,正戊烷,2.93,ppb
四湖站,03,反2-戊烯,0.33,ppb
四湖站,03,1-戊烯,0.21,ppb
四湖站,03,順2-戊烯,0.16,ppb
四湖站,03,"2,2-二甲基丁烷",0,ppb
四湖站,03,"2,3-二甲基丁烷",0.36,ppb
四湖站,03,2-甲基戊烷,1.32,ppb
四湖站,03,3-甲基戊烷,0.69,ppb
四湖站,03,異戊二烯,0.52,ppb
四湖站,03,正己烷,1.35,ppb
四湖站,03,甲基環戊烷,0.77,ppb
四湖站,03,"2,4-二甲基戊烷",0,ppb
四湖站,03,苯,1.63,ppb
四湖站,03,環己烷,0,ppb
四湖站,03,2-甲基己烷,0.65,ppb
四湖站,03,"2,3-二甲基戊烷",0,ppb
四湖站,03,3-甲基己烷,0.91,ppb
四湖站,03,"2,2,4-三甲基戊烷",1.12,ppb
四湖站,03,正庚烷,0.85,ppb
四湖站,03,甲基環己烷,0.24,ppb
四湖站,03,"2,3,4-三甲基戊烷",0.49,ppb
四湖站,03,甲苯,8.87,ppb
四湖站,03,2-甲基庚烷,0,ppb
四湖站,03,3-甲基庚烷,0,ppb
四湖站,03,正辛烷,0.33,ppb
四湖站,03,乙苯,1.17,ppb
四湖站,03,"間,對二甲苯",3.5,ppb
四湖站,03,苯乙烯,1.28,ppb
四湖站,03,鄰二甲苯,1.18,ppb
四湖站,03,正壬烷,0,ppb
四湖站,03,異丙基苯,0,ppb
四湖站,03,正丙基苯,0.22,ppb
四湖站,03,間-乙基甲苯,0.6,ppb
四湖站,03,對-乙基甲苯,0,ppb
四湖站,03,"1,3,5-三甲基苯",0.27,ppb
四湖站,03,鄰-乙基甲苯,0.17,ppb
四湖站,03,"1,2,4-三甲基苯",1.14,ppb
四湖站,03,葵烷,0,ppb
四湖站,03,"1,2,3-三甲基苯",0.4,ppb
四湖站,03,間-二乙基苯,0.05,ppb
四湖站,03,對-二乙基苯,0.04,ppbv
四湖站,03,正十一烷,0.66,ppbv
東勢站,03,乙烷,1.71,ppb
東勢站,03,乙烯,1.25,ppb
東勢站,03,丙烷,4.86,ppb
東勢站,03,丙烯,1.11,ppb
東勢站,03,異丁烷,4.42,ppb
東勢站,03,正丁烷,8.46,ppb
東勢站,03,乙炔,7.47,ppb
東勢站,03,反2-丁烯,0.63,ppb
東勢站,03,1-丁烯,1.15,ppb
東勢站,03,順2-丁烯,0.39,ppb
東勢站,03,環戊烷,0,ppb
東勢站,03,異戊烷,6.33,ppb
東勢站,03,正戊烷,2.64,ppb
東勢站,03,反2-戊烯,0.51,ppb
東勢站,03,1-戊烯,0.37,ppb
東勢站,03,順2-戊烯,0.37,ppb
東勢站,03,"2,2-二甲基丁烷",0,ppb
東勢站,03,"2,3-二甲基丁烷",0.41,ppb
東勢站,03,2-甲基戊烷,0.91,ppb
東勢站,03,3-甲基戊烷,0.54,ppb
東勢站,03,異戊二烯,0.56,ppb
東勢站,03,正己烷,0.6,ppb
東勢站,03,甲基環戊烷,0.62,ppb
東勢站,03,"2,4-二甲基戊烷",0,ppb
東勢站,03,苯,0.63,ppb
東勢站,03,環己烷,0,ppb
東勢站,03,2-甲基己烷,0.32,ppb
東勢站,03,"2,3-二甲基戊烷",0,ppb
東勢站,03,3-甲基己烷,0.36,ppb
東勢站,03,"2,2,4-三甲基戊烷",0.87,ppb
東勢站,03,正庚烷,0.25,ppb
東勢站,03,甲基環己烷,0,ppb
東勢站,03,"2,3,4-三甲基戊烷",0.43,ppb
東勢站,03,甲苯,6.04,ppb
東勢站,03,2-甲基庚烷,0,ppb
東勢站,03,3-甲基庚烷,0,ppb
東勢站,03,正辛烷,0.21,ppb
東勢站,03,乙苯,0.86,ppb
東勢站,03,"間,對二甲苯",3.26,ppb
東勢站,03,苯乙烯,0.29,ppb
東勢站,03,鄰二甲苯,1.19,ppb
東勢站,03,正壬烷,0,ppb
東勢站,03,異丙基苯,0,ppb
東勢站,03,正丙基苯,0.24,ppb
東勢站,03,間-乙基甲苯,1.04,ppb
東勢站,03,對-乙基甲苯,0.61,ppb
東勢站,03,"1,3,5-三甲基苯",0.52,ppb
東勢站,03,鄰-乙基甲苯,0.42,ppb
東勢站,03,"1,2,4-三甲基苯",2.1,ppb
東勢站,03,葵烷,2.81,ppb
東勢站,03,"1,2,3-三甲基苯",0.85,ppb
東勢站,03,間-二乙基苯,0.43,ppb
東勢站,03,對-二乙基苯,0.34,ppbv
東勢站,03,正十一烷,0.5,ppbv
麥寮站,03,乙烷,1.41,ppb
麥寮站,03,乙烯,1.85,ppb
麥寮站,03,丙烷,3.62,ppb
麥寮站,03,丙烯,0.94,ppb
麥寮站,03,異丁烷,2.18,ppb
麥寮站,03,正丁烷,4.1,ppb
麥寮站,03,乙炔,9.88,ppb
麥寮站,03,反2-丁烯,0.21,ppb
麥寮站,03,1-丁烯,0.68,ppb
麥寮站,03,順2-丁烯,0.07,ppb
麥寮站,03,環戊烷,0,ppb
麥寮站,03,異戊烷,3.65,ppb
麥寮站,03,正戊烷,1.61,ppb
麥寮站,03,反2-戊烯,0.21,ppb
麥寮站,03,1-戊烯,0,ppb
麥寮站,03,順2-戊烯,0,ppb
麥寮站,03,"2,2-二甲基丁烷",0,ppb
麥寮站,03,"2,3-二甲基丁烷",0.6,ppb
麥寮站,03,2-甲基戊烷,0.43,ppb
麥寮站,03,3-甲基戊烷,0,ppb
麥寮站,03,異戊二烯,0,ppb
麥寮站,03,正己烷,0.59,ppb
麥寮站,03,甲基環戊烷,0.44,ppb
麥寮站,03,"2,4-二甲基戊烷",0,ppb
麥寮站,03,苯,0.95,ppb
麥寮站,03,環己烷,0,ppb
麥寮站,03,2-甲基己烷,0.43,ppb
麥寮站,03,"2,3-二甲基戊烷",0.24,ppb
麥寮站,03,3-甲基己烷,0.51,ppb
麥寮站,03,"2,2,4-三甲基戊烷",0.89,ppb
麥寮站,03,正庚烷,0.5,ppb
麥寮站,03,甲基環己烷,0.12,ppb
麥寮站,03,"2,3,4-三甲基戊烷",0.39,ppb
麥寮站,03,甲苯,6.14,ppb
麥寮站,03,2-甲基庚烷,0.04,ppb
麥寮站,03,3-甲基庚烷,0.14,ppb
麥寮站,03,正辛烷,0.14,ppb
麥寮站,03,乙苯,0.74,ppb
麥寮站,03,"間,對二甲苯",2.69,ppb
麥寮站,03,苯乙烯,0.09,ppb
麥寮站,03,鄰二甲苯,0.79,ppb
麥寮站,03,正壬烷,0.08,ppb
麥寮站,03,異丙基苯,0.05,ppb
麥寮站,03,正丙基苯,0.21,ppb
麥寮站,03,間-乙基甲苯,0.71,ppb
麥寮站,03,對-乙基甲苯,0.43,ppb
麥寮站,03,"1,3,5-三甲基苯",0.27,ppb
麥寮站,03,鄰-乙基甲苯,0.21,ppb
麥寮站,03,"1,2,4-三甲基苯",1.18,ppb
麥寮站,03,葵烷,0.14,ppb
麥寮站,03,"1,2,3-三甲基苯",0.62,ppb
麥寮站,03,間-二乙基苯,0.36,ppb
麥寮站,03,對-二乙基苯,0.2,ppbv
麥寮站,03,正十一烷,0.36,ppbv
台西站,03,乙烷,1.42,ppb
台西站,03,乙烯,1.7,ppb
台西站,03,丙烷,3.79,ppb
台西站,03,丙烯,1.19,ppb
台西站,03,異丁烷,2.53,ppb
台西站,03,正丁烷,4.37,ppb
台西站,03,乙炔,8.5,ppb
台西站,03,反2-丁烯,0.34,ppb
台西站,03,1-丁烯,0.8,ppb
台西站,03,順2-丁烯,0.21,ppb
台西站,03,環戊烷,0.77,ppb
台西站,03,異戊烷,4.06,ppb
台西站,03,正戊烷,1.67,ppb
台西站,03,反2-戊烯,0.23,ppb
台西站,03,1-戊烯,0.13,ppb
台西站,03,順2-戊烯,0,ppb
台西站,03,"2,2-二甲基丁烷",0,ppb
台西站,03,"2,3-二甲基丁烷",0.35,ppb
台西站,03,2-甲基戊烷,0.94,ppb
台西站,03,3-甲基戊烷,0.55,ppb
台西站,03,異戊二烯,0.5,ppb
台西站,03,正己烷,0,ppb
台西站,03,甲基環戊烷,0.22,ppb
台西站,03,"2,4-二甲基戊烷",0,ppb
台西站,03,苯,0.71,ppb
台西站,03,環己烷,0,ppb
台西站,03,2-甲基己烷,0,ppb
台西站,03,"2,3-二甲基戊烷",0,ppb
台西站,03,3-甲基己烷,0,ppb
台西站,03,"2,2,4-三甲基戊烷",0.45,ppb
台西站,03,正庚烷,0,ppb
台西站,03,甲基環己烷,0,ppb
台西站,03,"2,3,4-三甲基戊烷",0,ppb
台西站,03,甲苯,5.45,ppb
台西站,03,2-甲基庚烷,0,ppb
台西站,03,3-甲基庚烷,0.05,ppb
台西站,03,正辛烷,0,ppb
台西站,03,乙苯,0.48,ppb
台西站,03,"間,對二甲苯",2.98,ppb
台西站,03,苯乙烯,0,ppb
台西站,03,鄰二甲苯,0.77,ppb
台西站,03,正壬烷,0,ppb
台西站,03,異丙基苯,0,ppb
台西站,03,正丙基苯,0,ppb
台西站,03,間-乙基甲苯,0.56,ppb
台西站,03,對-乙基甲苯,0,ppb
台西站,03,"1,3,5-三甲基苯",0,ppb
台西站,03,鄰-乙基甲苯,0,ppb
台西站,03,"1,2,4-三甲基苯",1.54,ppb
台西站,03,葵烷,2.15,ppb
台西站,03,"1,2,3-三甲基苯",0.6,ppb
台西站,03,間-二乙基苯,0.35,ppb
台西站,03,對-二乙基苯,0.31,ppbv
台西站,03,正十一烷,0.44,ppbv
土庫站,03,乙烷,1.86,ppb
土庫站,03,乙烯,2.76,ppb
土庫站,03,丙烷,4.82,ppb
土庫站,03,丙烯,1.69,ppb
土庫站,03,異丁烷,6.83,ppb
土庫站,03,正丁烷,10.61,ppb
土庫站,03,乙炔,13.58,ppb
土庫站,03,反2-丁烯,0.44,ppb
土庫站,03,1-丁烯,0.75,ppb
土庫站,03,順2-丁烯,0.4,ppb
土庫站,03,環戊烷,0.88,ppb
土庫站,03,異戊烷,5.44,ppb
土庫站,03,正戊烷,2.35,ppb
土庫站,03,反2-戊烯,0.49,ppb
土庫站,03,1-戊烯,0,ppb
土庫站,03,順2-戊烯,0.23,ppb
土庫站,03,"2,2-二甲基丁烷",0.15,ppb
土庫站,03,"2,3-二甲基丁烷",0.52,ppb
土庫站,03,2-甲基戊烷,1.35,ppb
土庫站,03,3-甲基戊烷,0.82,ppb
土庫站,03,異戊二烯,0.91,ppb
土庫站,03,正己烷,0,ppb
土庫站,03,甲基環戊烷,0,ppb
土庫站,03,"2,4-二甲基戊烷",0,ppb
土庫站,03,苯,1.04,ppb
土庫站,03,環己烷,0,ppb
土庫站,03,2-甲基己烷,0,ppb
土庫站,03,"2,3-二甲基戊烷",0,ppb
土庫站,03,3-甲基己烷,0,ppb
土庫站,03,"2,2,4-三甲基戊烷",0,ppb
土庫站,03,正庚烷,0,ppb
土庫站,03,甲基環己烷,0,ppb
土庫站,03,"2,3,4-三甲基戊烷",0,ppb
土庫站,03,甲苯,8.89,ppb
土庫站,03,2-甲基庚烷,0,ppb
土庫站,03,3-甲基庚烷,0,ppb
土庫站,03,正辛烷,0.08,ppb
土庫站,03,乙苯,0.11,ppb
土庫站,03,"間,對二甲苯",2.92,ppb
土庫站,03,苯乙烯,0.45,ppb
土庫站,03,鄰二甲苯,1.02,ppb
土庫站,03,正壬烷,0,ppb
土庫站,03,異丙基苯,0,ppb
土庫站,03,正丙基苯,0,ppb
土庫站,03,間-乙基甲苯,1.03,ppb
土庫站,03,對-乙基甲苯,0.33,ppb
土庫站,03,"1,3,5-三甲基苯",0.28,ppb
土庫站,03,鄰-乙基甲苯,0.39,ppb
土庫站,03,"1,2,4-三甲基苯",1.88,ppb
土庫站,03,葵烷,0,ppb
土庫站,03,"1,2,3-三甲基苯",0.7,ppb
土庫站,03,間-二乙基苯,0,ppb
土庫站,03,對-二乙基苯,0,ppbv
土庫站,03,正十一烷,0.35,ppbv
西螺站,03,乙烷,0.79,ppb
西螺站,03,乙烯,1.44,ppb
西螺站,03,丙烷,1.75,ppb
西螺站,03,丙烯,0.61,ppb
西螺站,03,異丁烷,0.89,ppb
西螺站,03,正丁烷,1.7,ppb
西螺站,03,乙炔,1.25,ppb
西螺站,03,反2-丁烯,0.24,ppb
西螺站,03,1-丁烯,0.32,ppb
西螺站,03,順2-丁烯,0.21,ppb
西螺站,03,環戊烷,0.29,ppb
西螺站,03,異戊烷,1.5,ppb
西螺站,03,正戊烷,0.74,ppb
西螺站,03,反2-戊烯,0.22,ppb
西螺站,03,1-戊烯,0,ppb
西螺站,03,順2-戊烯,0,ppb
西螺站,03,"2,2-二甲基丁烷",0,ppb
西螺站,03,"2,3-二甲基丁烷",0.14,ppb
西螺站,03,2-甲基戊烷,0.39,ppb
西螺站,03,3-甲基戊烷,0.24,ppb
西螺站,03,異戊二烯,0.31,ppb
西螺站,03,正己烷,0,ppb
西螺站,03,甲基環戊烷,0,ppb
西螺站,03,"2,4-二甲基戊烷",0,ppb
西螺站,03,苯,0.09,ppb
西螺站,03,環己烷,0,ppb
西螺站,03,2-甲基己烷,0.07,ppb
西螺站,03,"2,3-二甲基戊烷",0,ppb
西螺站,03,3-甲基己烷,0,ppb
西螺站,03,"2,2,4-三甲基戊烷",0.21,ppb
西螺站,03,正庚烷,0.07,ppb
西螺站,03,甲基環己烷,0,ppb
西螺站,03,"2,3,4-三甲基戊烷",0.21,ppb
西螺站,03,甲苯,1.95,ppb
西螺站,03,2-甲基庚烷,0,ppb
西螺站,03,3-甲基庚烷,0.08,ppb
西螺站,03,正辛烷,0.11,ppb
西螺站,03,乙苯,0.26,ppb
西螺站,03,"間,對二甲苯",0.75,ppb
西螺站,03,苯乙烯,0.01,ppb
西螺站,03,鄰二甲苯,0.06,ppb
西螺站,03,正壬烷,0.02,ppb
西螺站,03,異丙基苯,0.01,ppb
西螺站,03,正丙基苯,0.02,ppb
西螺站,03,間-乙基甲苯,0.13,ppb
西螺站,03,對-乙基甲苯,0.02,ppb
西螺站,03,"1,3,5-三甲基苯",0.01,ppb
西螺站,03,鄰-乙基甲苯,0.02,ppb
西螺站,03,"1,2,4-三甲基苯",0.44,ppb
西螺站,03,葵烷,0.01,ppb
西螺站,03,"1,2,3-三甲基苯",0.37,ppb
西螺站,03,間-二乙基苯,0.01,ppb
西螺站,03,對-二乙基苯,0.04,ppbv
西螺站,03,正十一烷,0.55,ppbv
大城站,04,乙烷,1.41,ppb
大城站,04,乙烯,1.89,ppb
大城站,04,丙烷,0.47,ppb
大城站,04,丙烯,0.93,ppb
大城站,04,異丁烷,2.48,ppb
大城站,04,正丁烷,4.31,ppb
大城站,04,乙炔,4.63,ppb
大城站,04,反2-丁烯,0.46,ppb
大城站,04,1-丁烯,0.55,ppb
大城站,04,順2-丁烯,0.3,ppb
大城站,04,環戊烷,0,ppb
大城站,04,異戊烷,2.88,ppb
大城站,04,正戊烷,1.73,ppb
大城站,04,反2-戊烯,0.24,ppb
大城站,04,1-戊烯,0.13,ppb
大城站,04,順2-戊烯,0,ppb
大城站,04,"2,2-二甲基丁烷",0,ppb
大城站,04,"2,3-二甲基丁烷",0.23,ppb
大城站,04,2-甲基戊烷,0.7,ppb
大城站,04,3-甲基戊烷,0.44,ppb
大城站,04,異戊二烯,0.58,ppb
大城站,04,正己烷,0,ppb
大城站,04,甲基環戊烷,0,ppb
大城站,04,"2,4-二甲基戊烷",0,ppb
大城站,04,苯,0,ppb
大城站,04,環己烷,0,ppb
大城站,04,2-甲基己烷,0,ppb
大城站,04,"2,3-二甲基戊烷",0,ppb
大城站,04,3-甲基己烷,0,ppb
大城站,04,"2,2,4-三甲基戊烷",0,ppb
大城站,04,正庚烷,0,ppb
大城站,04,甲基環己烷,0,ppb
大城站,04,"2,3,4-三甲基戊烷",0,ppb
大城站,04,甲苯,4.39,ppb
大城站,04,2-甲基庚烷,0,ppb
大城站,04,3-甲基庚烷,0,ppb
大城站,04,正辛烷,0,ppb
大城站,04,乙苯,0,ppb
大城站,04,"間,對二甲苯",1.71,ppb
大城站,04,苯乙烯,0,ppb
大城站,04,鄰二甲苯,0.59,ppb
大城站,04,正壬烷,0,ppb
大城站,04,異丙基苯,0,ppb
大城站,04,正丙基苯,0,ppb
大城站,04,間-乙基甲苯,0.35,ppb
大城站,04,對-乙基甲苯,0,ppb
大城站,04,"1,3,5-三甲基苯",0,ppb
大城站,04,鄰-乙基甲苯,0,ppb
大城站,04,"1,2,4-三甲基苯",0.94,ppb
大城站,04,葵烷,0,ppb
大城站,04,"1,2,3-三甲基苯",0.44,ppb
大城站,04,間-二乙基苯,0,ppb
大城站,04,對-二乙基苯,0,ppbv
大城站,04,正十一烷,0.23,ppbv
東石站,04,乙烷,1.61,ppb
東石站,04,乙烯,3.01,ppb
東石站,04,丙烷,4,ppb
東石站,04,丙烯,1.36,ppb
東石站,04,異丁烷,3.13,ppb
東石站,04,正丁烷,5.61,ppb
東石站,04,乙炔,4.45,ppb
東石站,04,反2-丁烯,0.56,ppb
東石站,04,1-丁烯,1.16,ppb
東石站,04,順2-丁烯,0.34,ppb
東石站,04,環戊烷,0,ppb
東石站,04,異戊烷,8.65,ppb
東石站,04,正戊烷,3.14,ppb
東石站,04,反2-戊烯,0.25,ppb
東石站,04,1-戊烯,0.18,ppb
東石站,04,順2-戊烯,0,ppb
東石站,04,"2,2-二甲基丁烷",0,ppb
東石站,04,"2,3-二甲基丁烷",0,ppb
東石站,04,2-甲基戊烷,0,ppb
東石站,04,3-甲基戊烷,0,ppb
東石站,04,異戊二烯,0.6,ppb
東石站,04,正己烷,0.14,ppb
東石站,04,甲基環戊烷,0.58,ppb
東石站,04,"2,4-二甲基戊烷",0,ppb
東石站,04,苯,1.51,ppb
東石站,04,環己烷,0,ppb
東石站,04,2-甲基己烷,0.21,ppb
東石站,04,"2,3-二甲基戊烷",0,ppb
東石站,04,3-甲基己烷,0.59,ppb
東石站,04,"2,2,4-三甲基戊烷",0.65,ppb
東石站,04,正庚烷,0.5,ppb
東石站,04,甲基環己烷,0,ppb
東石站,04,"2,3,4-三甲基戊烷",0.36,ppb
東石站,04,甲苯,9.14,ppb
東石站,04,2-甲基庚烷,0,ppb
東石站,04,3-甲基庚烷,0,ppb
東石站,04,正辛烷,0.11,ppb
東石站,04,乙苯,0.57,ppb
東石站,04,"間,對二甲苯",2.56,ppb
東石站,04,苯乙烯,3.69,ppb
東石站,04,鄰二甲苯,1.07,ppb
東石站,04,正壬烷,0,ppb
東石站,04,異丙基苯,0,ppb
東石站,04,正丙基苯,0,ppb
東石站,04,間-乙基甲苯,0.53,ppb
東石站,04,對-乙基甲苯,0,ppb
東石站,04,"1,3,5-三甲基苯",0.28,ppb
東石站,04,鄰-乙基甲苯,0.25,ppb
東石站,04,"1,2,4-三甲基苯",1.22,ppb
東石站,04,葵烷,0.09,ppb
東石站,04,"1,2,3-三甲基苯",0.67,ppb
東石站,04,間-二乙基苯,0,ppb
東石站,04,對-二乙基苯,0,ppbv
東石站,04,正十一烷,1.76,ppbv
褒忠站,04,乙烷,---,ppb
褒忠站,04,乙烯,---,ppb
褒忠站,04,丙烷,---,ppb
褒忠站,04,丙烯,---,ppb
褒忠站,04,異丁烷,---,ppb
褒忠站,04,正丁烷,---,ppb
褒忠站,04,乙炔,---,ppb
褒忠站,04,反2-丁烯,---,ppb
褒忠站,04,1-丁烯,---,ppb
褒忠站,04,順2-丁烯,---,ppb
褒忠站,04,環戊烷,---,ppb
褒忠站,04,異戊烷,---,ppb
褒忠站,04,正戊烷,---,ppb
褒忠站,04,反2-戊烯,---,ppb
褒忠站,04,1-戊烯,---,ppb
褒忠站,04,順2-戊烯,---,ppb
褒忠站,04,"2,2-二甲基丁烷",---,ppb
褒忠站,04,"2,3-二甲基丁烷",---,ppb
褒忠站,04,2-甲基戊烷,---,ppb
褒忠站,04,3-甲基戊烷,---,ppb
褒忠站,04,異戊二烯,---,ppb
褒忠站,04,正己烷,---,ppb
褒忠站,04,甲基環戊烷,---,ppb
褒忠站,04,"2,4-二甲基戊烷",---,ppb
褒忠站,04,苯,---,ppb
褒忠站,04,環己烷,---,ppb
褒忠站,04,2-甲基己烷,---,ppb
褒忠站,04,"2,3-二甲基戊烷",---,ppb
褒忠站,04,3-甲基己烷,---,ppb
褒忠站,04,"2,2,4-三甲基戊烷",---,ppb
褒忠站,04,正庚烷,---,ppb
褒忠站,04,甲基環己烷,---,ppb
褒忠站,04,"2,3,4-三甲基戊烷",---,ppb
褒忠站,04,甲苯,---,ppb
褒忠站,04,2-甲基庚烷,---,ppb
褒忠站,04,3-甲基庚烷,---,ppb
褒忠站,04,正辛烷,---,ppb
褒忠站,04,乙苯,---,ppb
褒忠站,04,"間,對二甲苯",---,ppb
褒忠站,04,苯乙烯,---,ppb
褒忠站,04,鄰二甲苯,---,ppb
褒忠站,04,正壬烷,---,ppb
褒忠站,04,異丙基苯,---,ppb
褒忠站,04,正丙基苯,---,ppb
褒忠站,04,間-乙基甲苯,---,ppb
褒忠站,04,對-乙基甲苯,---,ppb
褒忠站,04,"1,3,5-三甲基苯",---,ppb
褒忠站,04,鄰-乙基甲苯,---,ppb
褒忠站,04,"1,2,4-三甲基苯",---,ppb
褒忠站,04,葵烷,---,ppb
褒忠站,04,"1,2,3-三甲基苯",---,ppb
褒忠站,04,間-二乙基苯,---,ppb
褒忠站,04,對-二乙基苯,---,ppbv
褒忠站,04,正十一烷,---,ppbv
崙背站,04,乙烷,0.78,ppb
崙背站,04,乙烯,0.77,ppb
崙背站,04,丙烷,2.28,ppb
崙背站,04,丙烯,0.4,ppb
崙背站,04,異丁烷,1.26,ppb
崙背站,04,正丁烷,2.53,ppb
崙背站,04,乙炔,1.6,ppb
崙背站,04,反2-丁烯,0.3,ppb
崙背站,04,1-丁烯,0.45,ppb
崙背站,04,順2-丁烯,0.15,ppb
崙背站,04,環戊烷,0.48,ppb
崙背站,04,異戊烷,1.28,ppb
崙背站,04,正戊烷,0.6,ppb
崙背站,04,反2-戊烯,0,ppb
崙背站,04,1-戊烯,0,ppb
崙背站,04,順2-戊烯,0,ppb
崙背站,04,"2,2-二甲基丁烷",0,ppb
崙背站,04,"2,3-二甲基丁烷",0,ppb
崙背站,04,2-甲基戊烷,0.24,ppb
崙背站,04,3-甲基戊烷,0.19,ppb
崙背站,04,異戊二烯,0.38,ppb
崙背站,04,正己烷,0,ppb
崙背站,04,甲基環戊烷,0,ppb
崙背站,04,"2,4-二甲基戊烷",0,ppb
崙背站,04,苯,0,ppb
崙背站,04,環己烷,0,ppb
崙背站,04,2-甲基己烷,0,ppb
崙背站,04,"2,3-二甲基戊烷",0,ppb
崙背站,04,3-甲基己烷,0,ppb
崙背站,04,"2,2,4-三甲基戊烷",0,ppb
崙背站,04,正庚烷,0,ppb
崙背站,04,甲基環己烷,0,ppb
崙背站,04,"2,3,4-三甲基戊烷",0,ppb
崙背站,04,甲苯,1.54,ppb
崙背站,04,2-甲基庚烷,0,ppb
崙背站,04,3-甲基庚烷,0,ppb
崙背站,04,正辛烷,0,ppb
崙背站,04,乙苯,0,ppb
崙背站,04,"間,對二甲苯",0.73,ppb
崙背站,04,苯乙烯,0,ppb
崙背站,04,鄰二甲苯,0,ppb
崙背站,04,正壬烷,0,ppb
崙背站,04,異丙基苯,0,ppb
崙背站,04,正丙基苯,0,ppb
崙背站,04,間-乙基甲苯,0,ppb
崙背站,04,對-乙基甲苯,0,ppb
崙背站,04,"1,3,5-三甲基苯",0,ppb
崙背站,04,鄰-乙基甲苯,0,ppb
崙背站,04,"1,2,4-三甲基苯",0.48,ppb
崙背站,04,葵烷,0,ppb
崙背站,04,"1,2,3-三甲基苯",0,ppb
崙背站,04,間-二乙基苯,0,ppb
崙背站,04,對-二乙基苯,0,ppbv
崙背站,04,正十一烷,0,ppbv
四湖站,04,乙烷,2.06,ppb
四湖站,04,乙烯,2.4,ppb
四湖站,04,丙烷,5.52,ppb
四湖站,04,丙烯,1.51,ppb
四湖站,04,異丁烷,3.74,ppb
四湖站,04,正丁烷,6.51,ppb
四湖站,04,乙炔,7.73,ppb
四湖站,04,反2-丁烯,0.4,ppb
四湖站,04,1-丁烯,2.12,ppb
四湖站,04,順2-丁烯,0.3,ppb
四湖站,04,環戊烷,0.92,ppb
四湖站,04,異戊烷,4.89,ppb
四湖站,04,正戊烷,2.16,ppb
四湖站,04,反2-戊烯,0.38,ppb
四湖站,04,1-戊烯,0.18,ppb
四湖站,04,順2-戊烯,0.19,ppb
四湖站,04,"2,2-二甲基丁烷",0.15,ppb
四湖站,04,"2,3-二甲基丁烷",0.24,ppb
四湖站,04,2-甲基戊烷,1.05,ppb
四湖站,04,3-甲基戊烷,0.51,ppb
四湖站,04,異戊二烯,0.71,ppb
四湖站,04,正己烷,1.03,ppb
四湖站,04,甲基環戊烷,0.56,ppb
四湖站,04,"2,4-二甲基戊烷",0,ppb
四湖站,04,苯,1.61,ppb
四湖站,04,環己烷,0,ppb
四湖站,04,2-甲基己烷,0.66,ppb
四湖站,04,"2,3-二甲基戊烷",0.28,ppb
四湖站,04,3-甲基己烷,0.72,ppb
四湖站,04,"2,2,4-三甲基戊烷",0.97,ppb
四湖站,04,正庚烷,0.57,ppb
四湖站,04,甲基環己烷,0.19,ppb
四湖站,04,"2,3,4-三甲基戊烷",0.36,ppb
四湖站,04,甲苯,7.61,ppb
四湖站,04,2-甲基庚烷,0.13,ppb
四湖站,04,3-甲基庚烷,0,ppb
四湖站,04,正辛烷,0.24,ppb
四湖站,04,乙苯,0.9,ppb
四湖站,04,"間,對二甲苯",3.36,ppb
四湖站,04,苯乙烯,0.54,ppb
四湖站,04,鄰二甲苯,0.93,ppb
四湖站,04,正壬烷,0,ppb
四湖站,04,異丙基苯,0,ppb
四湖站,04,正丙基苯,0,ppb
四湖站,04,間-乙基甲苯,0.57,ppb
四湖站,04,對-乙基甲苯,0,ppb
四湖站,04,"1,3,5-三甲基苯",0.22,ppb
四湖站,04,鄰-乙基甲苯,0,ppb
四湖站,04,"1,2,4-三甲基苯",1.06,ppb
四湖站,04,葵烷,2.06,ppb
四湖站,04,"1,2,3-三甲基苯",0.31,ppb
四湖站,04,間-二乙基苯,0,ppb
四湖站,04,對-二乙基苯,0.17,ppbv
四湖站,04,正十一烷,0.39,ppbv
東勢站,04,乙烷,1.01,ppb
東勢站,04,乙烯,0.83,ppb
東勢站,04,丙烷,3.88,ppb
東勢站,04,丙烯,0.72,ppb
東勢站,04,異丁烷,3.4,ppb
東勢站,04,正丁烷,7.14,ppb
東勢站,04,乙炔,4.82,ppb
東勢站,04,反2-丁烯,0.87,ppb
東勢站,04,1-丁烯,0.82,ppb
東勢站,04,順2-丁烯,0.41,ppb
東勢站,04,環戊烷,0,ppb
東勢站,04,異戊烷,4.69,ppb
東勢站,04,正戊烷,2.06,ppb
東勢站,04,反2-戊烯,0.5,ppb
東勢站,04,1-戊烯,0.24,ppb
東勢站,04,順2-戊烯,0.32,ppb
東勢站,04,"2,2-二甲基丁烷",0.12,ppb
東勢站,04,"2,3-二甲基丁烷",0.71,ppb
東勢站,04,2-甲基戊烷,0.84,ppb
東勢站,04,3-甲基戊烷,0,ppb
東勢站,04,異戊二烯,0.5,ppb
東勢站,04,正己烷,0.25,ppb
東勢站,04,甲基環戊烷,0.55,ppb
東勢站,04,"2,4-二甲基戊烷",0,ppb
東勢站,04,苯,0.25,ppb
東勢站,04,環己烷,0,ppb
東勢站,04,2-甲基己烷,0.29,ppb
東勢站,04,"2,3-二甲基戊烷",0,ppb
東勢站,04,3-甲基己烷,0.22,ppb
東勢站,04,"2,2,4-三甲基戊烷",0.33,ppb
東勢站,04,正庚烷,0.19,ppb
東勢站,04,甲基環己烷,0,ppb
東勢站,04,"2,3,4-三甲基戊烷",0,ppb
東勢站,04,甲苯,6.09,ppb
東勢站,04,2-甲基庚烷,0,ppb
東勢站,04,3-甲基庚烷,0,ppb
東勢站,04,正辛烷,0,ppb
東勢站,04,乙苯,0.71,ppb
東勢站,04,"間,對二甲苯",3.14,ppb
東勢站,04,苯乙烯,0.91,ppb
東勢站,04,鄰二甲苯,1.17,ppb
東勢站,04,正壬烷,0.15,ppb
東勢站,04,異丙基苯,0,ppb
東勢站,04,正丙基苯,0.3,ppb
東勢站,04,間-乙基甲苯,0.83,ppb
東勢站,04,對-乙基甲苯,0.51,ppb
東勢站,04,"1,3,5-三甲基苯",0.32,ppb
東勢站,04,鄰-乙基甲苯,0.35,ppb
東勢站,04,"1,2,4-三甲基苯",1.63,ppb
東勢站,04,葵烷,6.4,ppb
東勢站,04,"1,2,3-三甲基苯",1.29,ppb
東勢站,04,間-二乙基苯,0.98,ppb
東勢站,04,對-二乙基苯,1.03,ppbv
東勢站,04,正十一烷,0.98,ppbv
麥寮站,04,乙烷,1.22,ppb
麥寮站,04,乙烯,1.32,ppb
麥寮站,04,丙烷,0.97,ppb
麥寮站,04,丙烯,0.97,ppb
麥寮站,04,異丁烷,1.98,ppb
麥寮站,04,正丁烷,3.93,ppb
麥寮站,04,乙炔,8.04,ppb
麥寮站,04,反2-丁烯,0.41,ppb
麥寮站,04,1-丁烯,0.82,ppb
麥寮站,04,順2-丁烯,0.2,ppb
麥寮站,04,環戊烷,0,ppb
麥寮站,04,異戊烷,3.14,ppb
麥寮站,04,正戊烷,1.3,ppb
麥寮站,04,反2-戊烯,0.22,ppb
麥寮站,04,1-戊烯,0.12,ppb
麥寮站,04,順2-戊烯,0.18,ppb
麥寮站,04,"2,2-二甲基丁烷",0,ppb
麥寮站,04,"2,3-二甲基丁烷",0.43,ppb
麥寮站,04,2-甲基戊烷,0.38,ppb
麥寮站,04,3-甲基戊烷,0,ppb
麥寮站,04,異戊二烯,0.67,ppb
麥寮站,04,正己烷,0.66,ppb
麥寮站,04,甲基環戊烷,0.49,ppb
麥寮站,04,"2,4-二甲基戊烷",0,ppb
麥寮站,04,苯,0.65,ppb
麥寮站,04,環己烷,0,ppb
麥寮站,04,2-甲基己烷,0.65,ppb
麥寮站,04,"2,3-二甲基戊烷",0,ppb
麥寮站,04,3-甲基己烷,0.31,ppb
麥寮站,04,"2,2,4-三甲基戊烷",0.77,ppb
麥寮站,04,正庚烷,0.27,ppb
麥寮站,04,甲基環己烷,0.13,ppb
麥寮站,04,"2,3,4-三甲基戊烷",0.37,ppb
麥寮站,04,甲苯,5.26,ppb
麥寮站,04,2-甲基庚烷,0,ppb
麥寮站,04,3-甲基庚烷,0,ppb
麥寮站,04,正辛烷,0.09,ppb
麥寮站,04,乙苯,0.73,ppb
麥寮站,04,"間,對二甲苯",2.54,ppb
麥寮站,04,苯乙烯,0.05,ppb
麥寮站,04,鄰二甲苯,0.79,ppb
麥寮站,04,正壬烷,0.06,ppb
麥寮站,04,異丙基苯,0.03,ppb
麥寮站,04,正丙基苯,0.08,ppb
麥寮站,04,間-乙基甲苯,0.64,ppb
麥寮站,04,對-乙基甲苯,0.29,ppb
麥寮站,04,"1,3,5-三甲基苯",0.26,ppb
麥寮站,04,鄰-乙基甲苯,0.2,ppb
麥寮站,04,"1,2,4-三甲基苯",1.01,ppb
麥寮站,04,葵烷,0.14,ppb
麥寮站,04,"1,2,3-三甲基苯",0.62,ppb
麥寮站,04,間-二乙基苯,0.04,ppb
麥寮站,04,對-二乙基苯,0.13,ppbv
麥寮站,04,正十一烷,0.34,ppbv
台西站,04,乙烷,1.19,ppb
台西站,04,乙烯,1.22,ppb
台西站,04,丙烷,2.96,ppb
台西站,04,丙烯,0.68,ppb
台西站,04,異丁烷,2.14,ppb
台西站,04,正丁烷,3.72,ppb
台西站,04,乙炔,7.31,ppb
台西站,04,反2-丁烯,0.48,ppb
台西站,04,1-丁烯,0.75,ppb
台西站,04,順2-丁烯,0.22,ppb
台西站,04,環戊烷,0.7,ppb
台西站,04,異戊烷,3.11,ppb
台西站,04,正戊烷,1.39,ppb
台西站,04,反2-戊烯,0.24,ppb
台西站,04,1-戊烯,0.19,ppb
台西站,04,順2-戊烯,0,ppb
台西站,04,"2,2-二甲基丁烷",0,ppb
台西站,04,"2,3-二甲基丁烷",0.25,ppb
台西站,04,2-甲基戊烷,0.79,ppb
台西站,04,3-甲基戊烷,0.47,ppb
台西站,04,異戊二烯,0.49,ppb
台西站,04,正己烷,0,ppb
台西站,04,甲基環戊烷,0,ppb
台西站,04,"2,4-二甲基戊烷",0,ppb
台西站,04,苯,0.27,ppb
台西站,04,環己烷,0,ppb
台西站,04,2-甲基己烷,0,ppb
台西站,04,"2,3-二甲基戊烷",0,ppb
台西站,04,3-甲基己烷,0.02,ppb
台西站,04,"2,2,4-三甲基戊烷",0,ppb
台西站,04,正庚烷,0,ppb
台西站,04,甲基環己烷,0,ppb
台西站,04,"2,3,4-三甲基戊烷",0,ppb
台西站,04,甲苯,3.73,ppb
台西站,04,2-甲基庚烷,0,ppb
台西站,04,3-甲基庚烷,0,ppb
台西站,04,正辛烷,0,ppb
台西站,04,乙苯,0,ppb
台西站,04,"間,對二甲苯",2.43,ppb
台西站,04,苯乙烯,0,ppb
台西站,04,鄰二甲苯,0.76,ppb
台西站,04,正壬烷,0,ppb
台西站,04,異丙基苯,0,ppb
台西站,04,正丙基苯,0,ppb
台西站,04,間-乙基甲苯,0.43,ppb
台西站,04,對-乙基甲苯,0,ppb
台西站,04,"1,3,5-三甲基苯",0,ppb
台西站,04,鄰-乙基甲苯,0.2,ppb
台西站,04,"1,2,4-三甲基苯",1.15,ppb
台西站,04,葵烷,0,ppb
台西站,04,"1,2,3-三甲基苯",0.45,ppb
台西站,04,間-二乙基苯,0,ppb
台西站,04,對-二乙基苯,0,ppbv
台西站,04,正十一烷,0.28,ppbv
土庫站,04,乙烷,2.02,ppb
土庫站,04,乙烯,1.6,ppb
土庫站,04,丙烷,6.3,ppb
土庫站,04,丙烯,1.07,ppb
土庫站,04,異丁烷,8.7,ppb
土庫站,04,正丁烷,12.47,ppb
土庫站,04,乙炔,7.12,ppb
土庫站,04,反2-丁烯,0.79,ppb
土庫站,04,1-丁烯,0.75,ppb
土庫站,04,順2-丁烯,0.5,ppb
土庫站,04,環戊烷,0.84,ppb
土庫站,04,異戊烷,3.36,ppb
土庫站,04,正戊烷,1.76,ppb
土庫站,04,反2-戊烯,0.71,ppb
土庫站,04,1-戊烯,0.26,ppb
土庫站,04,順2-戊烯,0.29,ppb
土庫站,04,"2,2-二甲基丁烷",0.08,ppb
土庫站,04,"2,3-二甲基丁烷",0.33,ppb
土庫站,04,2-甲基戊烷,1.04,ppb
土庫站,04,3-甲基戊烷,0.54,ppb
土庫站,04,異戊二烯,0.84,ppb
土庫站,04,正己烷,0.01,ppb
土庫站,04,甲基環戊烷,0,ppb
土庫站,04,"2,4-二甲基戊烷",0,ppb
土庫站,04,苯,0.18,ppb
土庫站,04,環己烷,0,ppb
土庫站,04,2-甲基己烷,0,ppb
土庫站,04,"2,3-二甲基戊烷",0,ppb
土庫站,04,3-甲基己烷,0.01,ppb
土庫站,04,"2,2,4-三甲基戊烷",0.02,ppb
土庫站,04,正庚烷,0,ppb
土庫站,04,甲基環己烷,0,ppb
土庫站,04,"2,3,4-三甲基戊烷",0,ppb
土庫站,04,甲苯,11.35,ppb
土庫站,04,2-甲基庚烷,0,ppb
土庫站,04,3-甲基庚烷,0,ppb
土庫站,04,正辛烷,0.01,ppb
土庫站,04,乙苯,0.38,ppb
土庫站,04,"間,對二甲苯",2.81,ppb
土庫站,04,苯乙烯,0.94,ppb
土庫站,04,鄰二甲苯,0.98,ppb
土庫站,04,正壬烷,0,ppb
土庫站,04,異丙基苯,0,ppb
土庫站,04,正丙基苯,0.25,ppb
土庫站,04,間-乙基甲苯,0.61,ppb
土庫站,04,對-乙基甲苯,0,ppb
土庫站,04,"1,3,5-三甲基苯",0.33,ppb
土庫站,04,鄰-乙基甲苯,0.27,ppb
土庫站,04,"1,2,4-三甲基苯",1.65,ppb
土庫站,04,葵烷,0.17,ppb
土庫站,04,"1,2,3-三甲基苯",0.88,ppb
土庫站,04,間-二乙基苯,0,ppb
土庫站,04,對-二乙基苯,0,ppbv
土庫站,04,正十一烷,0.94,ppbv
西螺站,04,乙烷,0.9,ppb
西螺站,04,乙烯,1.48,ppb
西螺站,04,丙烷,1.46,ppb
西螺站,04,丙烯,0.69,ppb
西螺站,04,異丁烷,0.84,ppb
西螺站,04,正丁烷,1.48,ppb
西螺站,04,乙炔,2.31,ppb
西螺站,04,反2-丁烯,0.25,ppb
西螺站,04,1-丁烯,0.31,ppb
西螺站,04,順2-丁烯,0,ppb
西螺站,04,環戊烷,0.25,ppb
西螺站,04,異戊烷,1.43,ppb
西螺站,04,正戊烷,0.63,ppb
西螺站,04,反2-戊烯,0.29,ppb
西螺站,04,1-戊烯,0,ppb
西螺站,04,順2-戊烯,0,ppb
西螺站,04,"2,2-二甲基丁烷",0,ppb
西螺站,04,"2,3-二甲基丁烷",0.06,ppb
西螺站,04,2-甲基戊烷,0.18,ppb
西螺站,04,3-甲基戊烷,0,ppb
西螺站,04,異戊二烯,0.36,ppb
西螺站,04,正己烷,0,ppb
西螺站,04,甲基環戊烷,0,ppb
西螺站,04,"2,4-二甲基戊烷",0,ppb
西螺站,04,苯,0.61,ppb
西螺站,04,環己烷,0.07,ppb
西螺站,04,2-甲基己烷,0,ppb
西螺站,04,"2,3-二甲基戊烷",0,ppb
西螺站,04,3-甲基己烷,0,ppb
西螺站,04,"2,2,4-三甲基戊烷",0.12,ppb
西螺站,04,正庚烷,0.1,ppb
西螺站,04,甲基環己烷,0,ppb
西螺站,04,"2,3,4-三甲基戊烷",0,ppb
西螺站,04,甲苯,2.28,ppb
西螺站,04,2-甲基庚烷,0,ppb
西螺站,04,3-甲基庚烷,0,ppb
西螺站,04,正辛烷,0,ppb
西螺站,04,乙苯,0.2,ppb
西螺站,04,"間,對二甲苯",0.71,ppb
西螺站,04,苯乙烯,0.01,ppb
西螺站,04,鄰二甲苯,0.03,ppb
西螺站,04,正壬烷,0.02,ppb
西螺站,04,異丙基苯,0.01,ppb
西螺站,04,正丙基苯,0.01,ppb
西螺站,04,間-乙基甲苯,0.05,ppb
西螺站,04,對-乙基甲苯,0,ppb
西螺站,04,"1,3,5-三甲基苯",0,ppb
西螺站,04,鄰-乙基甲苯,0,ppb
西螺站,04,"1,2,4-三甲基苯",0.37,ppb
西螺站,04,葵烷,0.01,ppb
西螺站,04,"1,2,3-三甲基苯",0.33,ppb
西螺站,04,間-二乙基苯,0,ppb
西螺站,04,對-二乙基苯,0.01,ppbv
西螺站,04,正十一烷,0.32,ppbv
大城站,05,乙烷,1.57,ppb
大城站,05,乙烯,2.08,ppb
大城站,05,丙烷,0.6,ppb
大城站,05,丙烯,1.07,ppb
大城站,05,異丁烷,3.14,ppb
大城站,05,正丁烷,4.97,ppb
大城站,05,乙炔,5.26,ppb
大城站,05,反2-丁烯,0.56,ppb
大城站,05,1-丁烯,0.74,ppb
大城站,05,順2-丁烯,0.32,ppb
大城站,05,環戊烷,0,ppb
大城站,05,異戊烷,3.16,ppb
大城站,05,正戊烷,1.52,ppb
大城站,05,反2-戊烯,0.33,ppb
大城站,05,1-戊烯,0.24,ppb
大城站,05,順2-戊烯,0.15,ppb
大城站,05,"2,2-二甲基丁烷",0,ppb
大城站,05,"2,3-二甲基丁烷",0.36,ppb
大城站,05,2-甲基戊烷,0.9,ppb
大城站,05,3-甲基戊烷,0.57,ppb
大城站,05,異戊二烯,0.56,ppb
大城站,05,正己烷,0,ppb
大城站,05,甲基環戊烷,0,ppb
大城站,05,"2,4-二甲基戊烷",0,ppb
大城站,05,苯,0,ppb
大城站,05,環己烷,0,ppb
大城站,05,2-甲基己烷,0,ppb
大城站,05,"2,3-二甲基戊烷",0,ppb
大城站,05,3-甲基己烷,0,ppb
大城站,05,"2,2,4-三甲基戊烷",0,ppb
大城站,05,正庚烷,0,ppb
大城站,05,甲基環己烷,0,ppb
大城站,05,"2,3,4-三甲基戊烷",0,ppb
大城站,05,甲苯,5.95,ppb
大城站,05,2-甲基庚烷,0,ppb
大城站,05,3-甲基庚烷,0,ppb
大城站,05,正辛烷,0,ppb
大城站,05,乙苯,0.43,ppb
大城站,05,"間,對二甲苯",2.81,ppb
大城站,05,苯乙烯,0,ppb
大城站,05,鄰二甲苯,0.85,ppb
大城站,05,正壬烷,0,ppb
大城站,05,異丙基苯,0,ppb
大城站,05,正丙基苯,0,ppb
大城站,05,間-乙基甲苯,0.4,ppb
大城站,05,對-乙基甲苯,0,ppb
大城站,05,"1,3,5-三甲基苯",0.19,ppb
大城站,05,鄰-乙基甲苯,0.22,ppb
大城站,05,"1,2,4-三甲基苯",1.04,ppb
大城站,05,葵烷,0,ppb
大城站,05,"1,2,3-三甲基苯",0.63,ppb
大城站,05,間-二乙基苯,0,ppb
大城站,05,對-二乙基苯,0,ppbv
大城站,05,正十一烷,0.19,ppbv
東石站,05,乙烷,1.94,ppb
東石站,05,乙烯,3.2,ppb
東石站,05,丙烷,5.13,ppb
東石站,05,丙烯,1.34,ppb
東石站,05,異丁烷,3.25,ppb
東石站,05,正丁烷,5.74,ppb
東石站,05,乙炔,5.28,ppb
東石站,05,反2-丁烯,0.53,ppb
東石站,05,1-丁烯,0.92,ppb
東石站,05,順2-丁烯,0.3,ppb
東石站,05,環戊烷,0,ppb
東石站,05,異戊烷,17.31,ppb
東石站,05,正戊烷,2.74,ppb
東石站,05,反2-戊烯,0.46,ppb
東石站,05,1-戊烯,0,ppb
東石站,05,順2-戊烯,0,ppb
東石站,05,"2,2-二甲基丁烷",0,ppb
東石站,05,"2,3-二甲基丁烷",1.06,ppb
東石站,05,2-甲基戊烷,1.1,ppb
東石站,05,3-甲基戊烷,0,ppb
東石站,05,異戊二烯,0.78,ppb
東石站,05,正己烷,0.15,ppb
東石站,05,甲基環戊烷,0,ppb
東石站,05,"2,4-二甲基戊烷",0,ppb
東石站,05,苯,1.43,ppb
東石站,05,環己烷,0,ppb
東石站,05,2-甲基己烷,0,ppb
東石站,05,"2,3-二甲基戊烷",0,ppb
東石站,05,3-甲基己烷,0,ppb
東石站,05,"2,2,4-三甲基戊烷",0,ppb
東石站,05,正庚烷,0,ppb
東石站,05,甲基環己烷,0,ppb
東石站,05,"2,3,4-三甲基戊烷",0,ppb
東石站,05,甲苯,7.9,ppb
東石站,05,2-甲基庚烷,0,ppb
東石站,05,3-甲基庚烷,0,ppb
東石站,05,正辛烷,0,ppb
東石站,05,乙苯,0.57,ppb
東石站,05,"間,對二甲苯",1.83,ppb
東石站,05,苯乙烯,4.04,ppb
東石站,05,鄰二甲苯,0.8,ppb
東石站,05,正壬烷,0,ppb
東石站,05,異丙基苯,0,ppb
東石站,05,正丙基苯,0,ppb
東石站,05,間-乙基甲苯,0.14,ppb
東石站,05,對-乙基甲苯,0,ppb
東石站,05,"1,3,5-三甲基苯",0,ppb
東石站,05,鄰-乙基甲苯,0.18,ppb
東石站,05,"1,2,4-三甲基苯",1,ppb
東石站,05,葵烷,0,ppb
東石站,05,"1,2,3-三甲基苯",0.74,ppb
東石站,05,間-二乙基苯,0,ppb
東石站,05,對-二乙基苯,0,ppbv
東石站,05,正十一烷,0.95,ppbv
褒忠站,05,乙烷,---,ppb
褒忠站,05,乙烯,---,ppb
褒忠站,05,丙烷,---,ppb
褒忠站,05,丙烯,---,ppb
褒忠站,05,異丁烷,---,ppb
褒忠站,05,正丁烷,---,ppb
褒忠站,05,乙炔,---,ppb
褒忠站,05,反2-丁烯,---,ppb
褒忠站,05,1-丁烯,---,ppb
褒忠站,05,順2-丁烯,---,ppb
褒忠站,05,環戊烷,---,ppb
褒忠站,05,異戊烷,---,ppb
褒忠站,05,正戊烷,---,ppb
褒忠站,05,反2-戊烯,---,ppb
褒忠站,05,1-戊烯,---,ppb
褒忠站,05,順2-戊烯,---,ppb
褒忠站,05,"2,2-二甲基丁烷",---,ppb
褒忠站,05,"2,3-二甲基丁烷",---,ppb
褒忠站,05,2-甲基戊烷,---,ppb
褒忠站,05,3-甲基戊烷,---,ppb
褒忠站,05,異戊二烯,---,ppb
褒忠站,05,正己烷,---,ppb
褒忠站,05,甲基環戊烷,---,ppb
褒忠站,05,"2,4-二甲基戊烷",---,ppb
褒忠站,05,苯,---,ppb
褒忠站,05,環己烷,---,ppb
褒忠站,05,2-甲基己烷,---,ppb
褒忠站,05,"2,3-二甲基戊烷",---,ppb
褒忠站,05,3-甲基己烷,---,ppb
褒忠站,05,"2,2,4-三甲基戊烷",---,ppb
褒忠站,05,正庚烷,---,ppb
褒忠站,05,甲基環己烷,---,ppb
褒忠站,05,"2,3,4-三甲基戊烷",---,ppb
褒忠站,05,甲苯,---,ppb
褒忠站,05,2-甲基庚烷,---,ppb
褒忠站,05,3-甲基庚烷,---,ppb
褒忠站,05,正辛烷,---,ppb
褒忠站,05,乙苯,---,ppb
褒忠站,05,"間,對二甲苯",---,ppb
褒忠站,05,苯乙烯,---,ppb
褒忠站,05,鄰二甲苯,---,ppb
褒忠站,05,正壬烷,---,ppb
褒忠站,05,異丙基苯,---,ppb
褒忠站,05,正丙基苯,---,ppb
褒忠站,05,間-乙基甲苯,---,ppb
褒忠站,05,對-乙基甲苯,---,ppb
褒忠站,05,"1,3,5-三甲基苯",---,ppb
褒忠站,05,鄰-乙基甲苯,---,ppb
褒忠站,05,"1,2,4-三甲基苯",---,ppb
褒忠站,05,葵烷,---,ppb
褒忠站,05,"1,2,3-三甲基苯",---,ppb
褒忠站,05,間-二乙基苯,---,ppb
褒忠站,05,對-二乙基苯,---,ppbv
褒忠站,05,正十一烷,---,ppbv
崙背站,05,乙烷,1.07,ppb
崙背站,05,乙烯,0.91,ppb
崙背站,05,丙烷,2.3,ppb
崙背站,05,丙烯,0.53,ppb
崙背站,05,異丁烷,1.88,ppb
崙背站,05,正丁烷,3.09,ppb
崙背站,05,乙炔,1.96,ppb
崙背站,05,反2-丁烯,0.27,ppb
崙背站,05,1-丁烯,0.45,ppb
崙背站,05,順2-丁烯,0,ppb
崙背站,05,環戊烷,0.47,ppb
崙背站,05,異戊烷,1.61,ppb
崙背站,05,正戊烷,0.66,ppb
崙背站,05,反2-戊烯,0.13,ppb
崙背站,05,1-戊烯,0,ppb
崙背站,05,順2-戊烯,0,ppb
崙背站,05,"2,2-二甲基丁烷",0,ppb
崙背站,05,"2,3-二甲基丁烷",0,ppb
崙背站,05,2-甲基戊烷,0.32,ppb
崙背站,05,3-甲基戊烷,0.24,ppb
崙背站,05,異戊二烯,0.37,ppb
崙背站,05,正己烷,0,ppb
崙背站,05,甲基環戊烷,0,ppb
崙背站,05,"2,4-二甲基戊烷",0,ppb
崙背站,05,苯,0,ppb
崙背站,05,環己烷,0,ppb
崙背站,05,2-甲基己烷,0,ppb
崙背站,05,"2,3-二甲基戊烷",0,ppb
崙背站,05,3-甲基己烷,0,ppb
崙背站,05,"2,2,4-三甲基戊烷",0,ppb
崙背站,05,正庚烷,0,ppb
崙背站,05,甲基環己烷,0,ppb
崙背站,05,"2,3,4-三甲基戊烷",0,ppb
崙背站,05,甲苯,1.95,ppb
崙背站,05,2-甲基庚烷,0,ppb
崙背站,05,3-甲基庚烷,0,ppb
崙背站,05,正辛烷,0,ppb
崙背站,05,乙苯,0,ppb
崙背站,05,"間,對二甲苯",0.93,ppb
崙背站,05,苯乙烯,0,ppb
崙背站,05,鄰二甲苯,0.35,ppb
崙背站,05,正壬烷,0,ppb
崙背站,05,異丙基苯,0,ppb
崙背站,05,正丙基苯,0,ppb
崙背站,05,間-乙基甲苯,0.15,ppb
崙背站,05,對-乙基甲苯,0,ppb
崙背站,05,"1,3,5-三甲基苯",0,ppb
崙背站,05,鄰-乙基甲苯,0,ppb
崙背站,05,"1,2,4-三甲基苯",0.55,ppb
崙背站,05,葵烷,0,ppb
崙背站,05,"1,2,3-三甲基苯",0,ppb
崙背站,05,間-二乙基苯,0,ppb
崙背站,05,對-二乙基苯,0,ppbv
崙背站,05,正十一烷,0,ppbv
四湖站,05,乙烷,1.77,ppb
四湖站,05,乙烯,1.38,ppb
四湖站,05,丙烷,4.48,ppb
四湖站,05,丙烯,0.83,ppb
四湖站,05,異丁烷,3.47,ppb
四湖站,05,正丁烷,5.51,ppb
四湖站,05,乙炔,3.25,ppb
四湖站,05,反2-丁烯,0.4,ppb
四湖站,05,1-丁烯,1.83,ppb
四湖站,05,順2-丁烯,0.25,ppb
四湖站,05,環戊烷,0.6,ppb
四湖站,05,異戊烷,2.69,ppb
四湖站,05,正戊烷,1.35,ppb
四湖站,05,反2-戊烯,0.38,ppb
四湖站,05,1-戊烯,0.21,ppb
四湖站,05,順2-戊烯,0.22,ppb
四湖站,05,"2,2-二甲基丁烷",0.12,ppb
四湖站,05,"2,3-二甲基丁烷",0.15,ppb
四湖站,05,2-甲基戊烷,0.73,ppb
四湖站,05,3-甲基戊烷,0.49,ppb
四湖站,05,異戊二烯,0.58,ppb
四湖站,05,正己烷,0.55,ppb
四湖站,05,甲基環戊烷,0,ppb
四湖站,05,"2,4-二甲基戊烷",0,ppb
四湖站,05,苯,0.87,ppb
四湖站,05,環己烷,0,ppb
四湖站,05,2-甲基己烷,0.39,ppb
四湖站,05,"2,3-二甲基戊烷",0,ppb
四湖站,05,3-甲基己烷,0.47,ppb
四湖站,05,"2,2,4-三甲基戊烷",0.51,ppb
四湖站,05,正庚烷,0.42,ppb
四湖站,05,甲基環己烷,0,ppb
四湖站,05,"2,3,4-三甲基戊烷",0.27,ppb
四湖站,05,甲苯,7.39,ppb
四湖站,05,2-甲基庚烷,0,ppb
四湖站,05,3-甲基庚烷,0,ppb
四湖站,05,正辛烷,0,ppb
四湖站,05,乙苯,0.48,ppb
四湖站,05,"間,對二甲苯",2.06,ppb
四湖站,05,苯乙烯,0.59,ppb
四湖站,05,鄰二甲苯,0.65,ppb
四湖站,05,正壬烷,0,ppb
四湖站,05,異丙基苯,0,ppb
四湖站,05,正丙基苯,0,ppb
四湖站,05,間-乙基甲苯,0.25,ppb
四湖站,05,對-乙基甲苯,0,ppb
四湖站,05,"1,3,5-三甲基苯",0,ppb
四湖站,05,鄰-乙基甲苯,0,ppb
四湖站,05,"1,2,4-三甲基苯",0.67,ppb
四湖站,05,葵烷,0.31,ppb
四湖站,05,"1,2,3-三甲基苯",0.39,ppb
四湖站,05,間-二乙基苯,0.02,ppb
四湖站,05,對-二乙基苯,0,ppbv
四湖站,05,正十一烷,0.61,ppbv
東勢站,05,乙烷,0.72,ppb
東勢站,05,乙烯,1.18,ppb
東勢站,05,丙烷,2.69,ppb
東勢站,05,丙烯,0.56,ppb
東勢站,05,異丁烷,2.25,ppb
東勢站,05,正丁烷,5.14,ppb
東勢站,05,乙炔,5.44,ppb
東勢站,05,反2-丁烯,0.7,ppb
東勢站,05,1-丁烯,0.75,ppb
東勢站,05,順2-丁烯,0.33,ppb
東勢站,05,環戊烷,0,ppb
東勢站,05,異戊烷,2.6,ppb
東勢站,05,正戊烷,1.25,ppb
東勢站,05,反2-戊烯,0.41,ppb
東勢站,05,1-戊烯,0.18,ppb
東勢站,05,順2-戊烯,0.4,ppb
東勢站,05,"2,2-二甲基丁烷",0.25,ppb
東勢站,05,"2,3-二甲基丁烷",0.46,ppb
東勢站,05,2-甲基戊烷,0.33,ppb
東勢站,05,3-甲基戊烷,0,ppb
東勢站,05,異戊二烯,0.46,ppb
東勢站,05,正己烷,0,ppb
東勢站,05,甲基環戊烷,0,ppb
東勢站,05,"2,4-二甲基戊烷",0,ppb
東勢站,05,苯,0.6,ppb
東勢站,05,環己烷,0,ppb
東勢站,05,2-甲基己烷,0,ppb
東勢站,05,"2,3-二甲基戊烷",0,ppb
東勢站,05,3-甲基己烷,0,ppb
東勢站,05,"2,2,4-三甲基戊烷",0.24,ppb
東勢站,05,正庚烷,0,ppb
東勢站,05,甲基環己烷,0,ppb
東勢站,05,"2,3,4-三甲基戊烷",0.24,ppb
東勢站,05,甲苯,3.21,ppb
東勢站,05,2-甲基庚烷,0,ppb
東勢站,05,3-甲基庚烷,0,ppb
東勢站,05,正辛烷,0.1,ppb
東勢站,05,乙苯,0.47,ppb
東勢站,05,"間,對二甲苯",2.05,ppb
東勢站,05,苯乙烯,0.06,ppb
東勢站,05,鄰二甲苯,0.76,ppb
東勢站,05,正壬烷,0.13,ppb
東勢站,05,異丙基苯,0,ppb
東勢站,05,正丙基苯,0,ppb
東勢站,05,間-乙基甲苯,0.58,ppb
東勢站,05,對-乙基甲苯,0.31,ppb
東勢站,05,"1,3,5-三甲基苯",0.28,ppb
東勢站,05,鄰-乙基甲苯,0.23,ppb
東勢站,05,"1,2,4-三甲基苯",1.26,ppb
東勢站,05,葵烷,5.1,ppb
東勢站,05,"1,2,3-三甲基苯",0.81,ppb
東勢站,05,間-二乙基苯,0.91,ppb
東勢站,05,對-二乙基苯,1,ppbv
東勢站,05,正十一烷,0.82,ppbv
麥寮站,05,乙烷,1.25,ppb
麥寮站,05,乙烯,0.73,ppb
麥寮站,05,丙烷,2.74,ppb
麥寮站,05,丙烯,0.51,ppb
麥寮站,05,異丁烷,1.54,ppb
麥寮站,05,正丁烷,3.13,ppb
麥寮站,05,乙炔,4.9,ppb
麥寮站,05,反2-丁烯,0,ppb
麥寮站,05,1-丁烯,0.69,ppb
麥寮站,05,順2-丁烯,0,ppb
麥寮站,05,環戊烷,0,ppb
麥寮站,05,異戊烷,1.68,ppb
麥寮站,05,正戊烷,0.75,ppb
麥寮站,05,反2-戊烯,0.17,ppb
麥寮站,05,1-戊烯,0,ppb
麥寮站,05,順2-戊烯,0,ppb
麥寮站,05,"2,2-二甲基丁烷",0,ppb
麥寮站,05,"2,3-二甲基丁烷",0.1,ppb
麥寮站,05,2-甲基戊烷,0.33,ppb
麥寮站,05,3-甲基戊烷,0.33,ppb
麥寮站,05,異戊二烯,0.41,ppb
麥寮站,05,正己烷,0.47,ppb
麥寮站,05,甲基環戊烷,0.31,ppb
麥寮站,05,"2,4-二甲基戊烷",0,ppb
麥寮站,05,苯,0.54,ppb
麥寮站,05,環己烷,0,ppb
麥寮站,05,2-甲基己烷,0.12,ppb
麥寮站,05,"2,3-二甲基戊烷",0,ppb
麥寮站,05,3-甲基己烷,0.14,ppb
麥寮站,05,"2,2,4-三甲基戊烷",0.37,ppb
麥寮站,05,正庚烷,0.16,ppb
麥寮站,05,甲基環己烷,0,ppb
麥寮站,05,"2,3,4-三甲基戊烷",0,ppb
麥寮站,05,甲苯,3.27,ppb
麥寮站,05,2-甲基庚烷,0,ppb
麥寮站,05,3-甲基庚烷,0,ppb
麥寮站,05,正辛烷,0.15,ppb
麥寮站,05,乙苯,0.68,ppb
麥寮站,05,"間,對二甲苯",2.11,ppb
麥寮站,05,苯乙烯,0.03,ppb
麥寮站,05,鄰二甲苯,0.71,ppb
麥寮站,05,正壬烷,0,ppb
麥寮站,05,異丙基苯,0,ppb
麥寮站,05,正丙基苯,0.06,ppb
麥寮站,05,間-乙基甲苯,0.21,ppb
麥寮站,05,對-乙基甲苯,0,ppb
麥寮站,05,"1,3,5-三甲基苯",0.05,ppb
麥寮站,05,鄰-乙基甲苯,0.17,ppb
麥寮站,05,"1,2,4-三甲基苯",0.57,ppb
麥寮站,05,葵烷,0.04,ppb
麥寮站,05,"1,2,3-三甲基苯",0.5,ppb
麥寮站,05,間-二乙基苯,0,ppb
麥寮站,05,對-二乙基苯,0.05,ppbv
麥寮站,05,正十一烷,0.19,ppbv
台西站,05,乙烷,0.88,ppb
台西站,05,乙烯,1.04,ppb
台西站,05,丙烷,2.2,ppb
台西站,05,丙烯,0.41,ppb
台西站,05,異丁烷,1.32,ppb
台西站,05,正丁烷,2.36,ppb
台西站,05,乙炔,3.16,ppb
台西站,05,反2-丁烯,0.32,ppb
台西站,05,1-丁烯,0.65,ppb
台西站,05,順2-丁烯,0.24,ppb
台西站,05,環戊烷,0.48,ppb
台西站,05,異戊烷,1.84,ppb
台西站,05,正戊烷,0.88,ppb
台西站,05,反2-戊烯,0.3,ppb
台西站,05,1-戊烯,0.08,ppb
台西站,05,順2-戊烯,0,ppb
台西站,05,"2,2-二甲基丁烷",0,ppb
台西站,05,"2,3-二甲基丁烷",0.17,ppb
台西站,05,2-甲基戊烷,0.46,ppb
台西站,05,3-甲基戊烷,0.27,ppb
台西站,05,異戊二烯,0.55,ppb
台西站,05,正己烷,0,ppb
台西站,05,甲基環戊烷,0,ppb
台西站,05,"2,4-二甲基戊烷",0.01,ppb
台西站,05,苯,0,ppb
台西站,05,環己烷,0,ppb
台西站,05,2-甲基己烷,0.08,ppb
台西站,05,"2,3-二甲基戊烷",0,ppb
台西站,05,3-甲基己烷,0,ppb
台西站,05,"2,2,4-三甲基戊烷",0,ppb
台西站,05,正庚烷,0,ppb
台西站,05,甲基環己烷,0,ppb
台西站,05,"2,3,4-三甲基戊烷",0,ppb
台西站,05,甲苯,1.99,ppb
台西站,05,2-甲基庚烷,0,ppb
台西站,05,3-甲基庚烷,0,ppb
台西站,05,正辛烷,0,ppb
台西站,05,乙苯,0.26,ppb
台西站,05,"間,對二甲苯",2,ppb
台西站,05,苯乙烯,0,ppb
台西站,05,鄰二甲苯,0.51,ppb
台西站,05,正壬烷,0,ppb
台西站,05,異丙基苯,0,ppb
台西站,05,正丙基苯,0,ppb
台西站,05,間-乙基甲苯,0,ppb
台西站,05,對-乙基甲苯,0,ppb
台西站,05,"1,3,5-三甲基苯",0,ppb
台西站,05,鄰-乙基甲苯,0,ppb
台西站,05,"1,2,4-三甲基苯",0.66,ppb
台西站,05,葵烷,0,ppb
台西站,05,"1,2,3-三甲基苯",0.29,ppb
台西站,05,間-二乙基苯,0,ppb
台西站,05,對-二乙基苯,0,ppbv
台西站,05,正十一烷,0.43,ppbv
土庫站,05,乙烷,1.25,ppb
土庫站,05,乙烯,2.27,ppb
土庫站,05,丙烷,3.19,ppb
土庫站,05,丙烯,0.8,ppb
土庫站,05,異丁烷,5.71,ppb
土庫站,05,正丁烷,8.16,ppb
土庫站,05,乙炔,9.14,ppb
土庫站,05,反2-丁烯,0.42,ppb
土庫站,05,1-丁烯,0.48,ppb
土庫站,05,順2-丁烯,0.26,ppb
土庫站,05,環戊烷,0.55,ppb
土庫站,05,異戊烷,2.03,ppb
土庫站,05,正戊烷,1.15,ppb
土庫站,05,反2-戊烯,0.4,ppb
土庫站,05,1-戊烯,0,ppb
土庫站,05,順2-戊烯,0.23,ppb
土庫站,05,"2,2-二甲基丁烷",0,ppb
土庫站,05,"2,3-二甲基丁烷",0.14,ppb
土庫站,05,2-甲基戊烷,0.69,ppb
土庫站,05,3-甲基戊烷,0.41,ppb
土庫站,05,異戊二烯,1.09,ppb
土庫站,05,正己烷,0.01,ppb
土庫站,05,甲基環戊烷,0,ppb
土庫站,05,"2,4-二甲基戊烷",0,ppb
土庫站,05,苯,0,ppb
土庫站,05,環己烷,0,ppb
土庫站,05,2-甲基己烷,0,ppb
土庫站,05,"2,3-二甲基戊烷",0,ppb
土庫站,05,3-甲基己烷,0,ppb
土庫站,05,"2,2,4-三甲基戊烷",0,ppb
土庫站,05,正庚烷,0,ppb
土庫站,05,甲基環己烷,0,ppb
土庫站,05,"2,3,4-三甲基戊烷",0,ppb
土庫站,05,甲苯,10.21,ppb
土庫站,05,2-甲基庚烷,0,ppb
土庫站,05,3-甲基庚烷,0,ppb
土庫站,05,正辛烷,0,ppb
土庫站,05,乙苯,0,ppb
土庫站,05,"間,對二甲苯",1.65,ppb
土庫站,05,苯乙烯,0.39,ppb
土庫站,05,鄰二甲苯,0.57,ppb
土庫站,05,正壬烷,0,ppb
土庫站,05,異丙基苯,0,ppb
土庫站,05,正丙基苯,0,ppb
土庫站,05,間-乙基甲苯,0.42,ppb
土庫站,05,對-乙基甲苯,0,ppb
土庫站,05,"1,3,5-三甲基苯",0,ppb
土庫站,05,鄰-乙基甲苯,0,ppb
土庫站,05,"1,2,4-三甲基苯",1,ppb
土庫站,05,葵烷,0.06,ppb
土庫站,05,"1,2,3-三甲基苯",0.65,ppb
土庫站,05,間-二乙基苯,0,ppb
土庫站,05,對-二乙基苯,0,ppbv
土庫站,05,正十一烷,0.69,ppbv
西螺站,05,乙烷,0.89,ppb
西螺站,05,乙烯,0.99,ppb
西螺站,05,丙烷,1.76,ppb
西螺站,05,丙烯,0.65,ppb
西螺站,05,異丁烷,0.87,ppb
西螺站,05,正丁烷,1.44,ppb
西螺站,05,乙炔,1.25,ppb
西螺站,05,反2-丁烯,0.28,ppb
西螺站,05,1-丁烯,0.38,ppb
西螺站,05,順2-丁烯,0,ppb
西螺站,05,環戊烷,0.27,ppb
西螺站,05,異戊烷,1.43,ppb
西螺站,05,正戊烷,0.59,ppb
西螺站,05,反2-戊烯,0,ppb
西螺站,05,1-戊烯,0,ppb
西螺站,05,順2-戊烯,0,ppb
西螺站,05,"2,2-二甲基丁烷",0,ppb
西螺站,05,"2,3-二甲基丁烷",0,ppb
西螺站,05,2-甲基戊烷,0.25,ppb
西螺站,05,3-甲基戊烷,0.19,ppb
西螺站,05,異戊二烯,0.24,ppb
西螺站,05,正己烷,0,ppb
西螺站,05,甲基環戊烷,0.02,ppb
西螺站,05,"2,4-二甲基戊烷",0,ppb
西螺站,05,苯,0.24,ppb
西螺站,05,環己烷,0.07,ppb
西螺站,05,2-甲基己烷,0.06,ppb
西螺站,05,"2,3-二甲基戊烷",0.14,ppb
西螺站,05,3-甲基己烷,0,ppb
西螺站,05,"2,2,4-三甲基戊烷",0.02,ppb
西螺站,05,正庚烷,0.04,ppb
西螺站,05,甲基環己烷,0,ppb
西螺站,05,"2,3,4-三甲基戊烷",0,ppb
西螺站,05,甲苯,1.69,ppb
西螺站,05,2-甲基庚烷,0,ppb
西螺站,05,3-甲基庚烷,0.03,ppb
西螺站,05,正辛烷,0,ppb
西螺站,05,乙苯,0.19,ppb
西螺站,05,"間,對二甲苯",0.9,ppb
西螺站,05,苯乙烯,0.02,ppb
西螺站,05,鄰二甲苯,0.08,ppb
西螺站,05,正壬烷,0,ppb
西螺站,05,異丙基苯,0.02,ppb
西螺站,05,正丙基苯,0.02,ppb
西螺站,05,間-乙基甲苯,0.02,ppb
西螺站,05,對-乙基甲苯,0.01,ppb
西螺站,05,"1,3,5-三甲基苯",0.07,ppb
西螺站,05,鄰-乙基甲苯,0.02,ppb
西螺站,05,"1,2,4-三甲基苯",0.17,ppb
西螺站,05,葵烷,0.02,ppb
西螺站,05,"1,2,3-三甲基苯",0.29,ppb
西螺站,05,間-二乙基苯,0,ppb
西螺站,05,對-二乙基苯,0.03,ppbv
西螺站,05,正十一烷,0.54,ppbv
大城站,06,乙烷,1.28,ppb
大城站,06,乙烯,1.91,ppb
大城站,06,丙烷,3.8,ppb
大城站,06,丙烯,1.07,ppb
大城站,06,異丁烷,5.2,ppb
大城站,06,正丁烷,7.53,ppb
大城站,06,乙炔,3.95,ppb
大城站,06,反2-丁烯,0.51,ppb
大城站,06,1-丁烯,0.61,ppb
大城站,06,順2-丁烯,0.28,ppb
大城站,06,環戊烷,0,ppb
大城站,06,異戊烷,2.94,ppb
大城站,06,正戊烷,1.71,ppb
大城站,06,反2-戊烯,0.28,ppb
大城站,06,1-戊烯,0.19,ppb
大城站,06,順2-戊烯,0.16,ppb
大城站,06,"2,2-二甲基丁烷",0,ppb
大城站,06,"2,3-二甲基丁烷",0.27,ppb
大城站,06,2-甲基戊烷,0.82,ppb
大城站,06,3-甲基戊烷,0.52,ppb
大城站,06,異戊二烯,1.23,ppb
大城站,06,正己烷,0,ppb
大城站,06,甲基環戊烷,0,ppb
大城站,06,"2,4-二甲基戊烷",0,ppb
大城站,06,苯,0,ppb
大城站,06,環己烷,0,ppb
大城站,06,2-甲基己烷,0,ppb
大城站,06,"2,3-二甲基戊烷",0,ppb
大城站,06,3-甲基己烷,0,ppb
大城站,06,"2,2,4-三甲基戊烷",0,ppb
大城站,06,正庚烷,0,ppb
大城站,06,甲基環己烷,0,ppb
大城站,06,"2,3,4-三甲基戊烷",0,ppb
大城站,06,甲苯,5.44,ppb
大城站,06,2-甲基庚烷,0,ppb
大城站,06,3-甲基庚烷,0,ppb
大城站,06,正辛烷,0,ppb
大城站,06,乙苯,0.4,ppb
大城站,06,"間,對二甲苯",2.27,ppb
大城站,06,苯乙烯,0,ppb
大城站,06,鄰二甲苯,0.7,ppb
大城站,06,正壬烷,0,ppb
大城站,06,異丙基苯,0,ppb
大城站,06,正丙基苯,0,ppb
大城站,06,間-乙基甲苯,0.48,ppb
大城站,06,對-乙基甲苯,0,ppb
大城站,06,"1,3,5-三甲基苯",0,ppb
大城站,06,鄰-乙基甲苯,0,ppb
大城站,06,"1,2,4-三甲基苯",1.09,ppb
大城站,06,葵烷,0,ppb
大城站,06,"1,2,3-三甲基苯",0.49,ppb
大城站,06,間-二乙基苯,0,ppb
大城站,06,對-二乙基苯,0,ppbv
大城站,06,正十一烷,0.19,ppbv
東石站,06,乙烷,1.4,ppb
東石站,06,乙烯,1.55,ppb
東石站,06,丙烷,0.47,ppb
東石站,06,丙烯,0.82,ppb
東石站,06,異丁烷,2.07,ppb
東石站,06,正丁烷,3.88,ppb
東石站,06,乙炔,1.34,ppb
東石站,06,反2-丁烯,0.37,ppb
東石站,06,1-丁烯,0.72,ppb
東石站,06,順2-丁烯,0,ppb
東石站,06,環戊烷,0,ppb
東石站,06,異戊烷,5.37,ppb
東石站,06,正戊烷,0.95,ppb
東石站,06,反2-戊烯,0.32,ppb
東石站,06,1-戊烯,0,ppb
東石站,06,順2-戊烯,0,ppb
東石站,06,"2,2-二甲基丁烷",0,ppb
東石站,06,"2,3-二甲基丁烷",0.55,ppb
東石站,06,2-甲基戊烷,0.44,ppb
東石站,06,3-甲基戊烷,0,ppb
東石站,06,異戊二烯,0.89,ppb
東石站,06,正己烷,0,ppb
東石站,06,甲基環戊烷,0,ppb
東石站,06,"2,4-二甲基戊烷",0,ppb
東石站,06,苯,0.24,ppb
東石站,06,環己烷,0,ppb
東石站,06,2-甲基己烷,0,ppb
東石站,06,"2,3-二甲基戊烷",0,ppb
東石站,06,3-甲基己烷,0,ppb
東石站,06,"2,2,4-三甲基戊烷",0.17,ppb
東石站,06,正庚烷,0,ppb
東石站,06,甲基環己烷,0,ppb
東石站,06,"2,3,4-三甲基戊烷",0.25,ppb
東石站,06,甲苯,4.62,ppb
東石站,06,2-甲基庚烷,0,ppb
東石站,06,3-甲基庚烷,0,ppb
東石站,06,正辛烷,0,ppb
東石站,06,乙苯,0.4,ppb
東石站,06,"間,對二甲苯",1.56,ppb
東石站,06,苯乙烯,0,ppb
東石站,06,鄰二甲苯,0.42,ppb
東石站,06,正壬烷,0,ppb
東石站,06,異丙基苯,0,ppb
東石站,06,正丙基苯,0,ppb
東石站,06,間-乙基甲苯,0.46,ppb
東石站,06,對-乙基甲苯,0,ppb
東石站,06,"1,3,5-三甲基苯",0,ppb
東石站,06,鄰-乙基甲苯,0,ppb
東石站,06,"1,2,4-三甲基苯",1.16,ppb
東石站,06,葵烷,0,ppb
東石站,06,"1,2,3-三甲基苯",0.66,ppb
東石站,06,間-二乙基苯,0,ppb
東石站,06,對-二乙基苯,0,ppbv
東石站,06,正十一烷,0.2,ppbv
褒忠站,06,乙烷,---,ppb
褒忠站,06,乙烯,---,ppb
褒忠站,06,丙烷,---,ppb
褒忠站,06,丙烯,---,ppb
褒忠站,06,異丁烷,---,ppb
褒忠站,06,正丁烷,---,ppb
褒忠站,06,乙炔,---,ppb
褒忠站,06,反2-丁烯,---,ppb
褒忠站,06,1-丁烯,---,ppb
褒忠站,06,順2-丁烯,---,ppb
褒忠站,06,環戊烷,---,ppb
褒忠站,06,異戊烷,---,ppb
褒忠站,06,正戊烷,---,ppb
褒忠站,06,反2-戊烯,---,ppb
褒忠站,06,1-戊烯,---,ppb
褒忠站,06,順2-戊烯,---,ppb
褒忠站,06,"2,2-二甲基丁烷",---,ppb
褒忠站,06,"2,3-二甲基丁烷",---,ppb
褒忠站,06,2-甲基戊烷,---,ppb
褒忠站,06,3-甲基戊烷,---,ppb
褒忠站,06,異戊二烯,---,ppb
褒忠站,06,正己烷,---,ppb
褒忠站,06,甲基環戊烷,---,ppb
褒忠站,06,"2,4-二甲基戊烷",---,ppb
褒忠站,06,苯,---,ppb
褒忠站,06,環己烷,---,ppb
褒忠站,06,2-甲基己烷,---,ppb
褒忠站,06,"2,3-二甲基戊烷",---,ppb
褒忠站,06,3-甲基己烷,---,ppb
褒忠站,06,"2,2,4-三甲基戊烷",---,ppb
褒忠站,06,正庚烷,---,ppb
褒忠站,06,甲基環己烷,---,ppb
褒忠站,06,"2,3,4-三甲基戊烷",---,ppb
褒忠站,06,甲苯,---,ppb
褒忠站,06,2-甲基庚烷,---,ppb
褒忠站,06,3-甲基庚烷,---,ppb
褒忠站,06,正辛烷,---,ppb
褒忠站,06,乙苯,---,ppb
褒忠站,06,"間,對二甲苯",---,ppb
褒忠站,06,苯乙烯,---,ppb
褒忠站,06,鄰二甲苯,---,ppb
褒忠站,06,正壬烷,---,ppb
褒忠站,06,異丙基苯,---,ppb
褒忠站,06,正丙基苯,---,ppb
褒忠站,06,間-乙基甲苯,---,ppb
褒忠站,06,對-乙基甲苯,---,ppb
褒忠站,06,"1,3,5-三甲基苯",---,ppb
褒忠站,06,鄰-乙基甲苯,---,ppb
褒忠站,06,"1,2,4-三甲基苯",---,ppb
褒忠站,06,葵烷,---,ppb
褒忠站,06,"1,2,3-三甲基苯",---,ppb
褒忠站,06,間-二乙基苯,---,ppb
褒忠站,06,對-二乙基苯,---,ppbv
褒忠站,06,正十一烷,---,ppbv
崙背站,06,乙烷,1.88,ppb
崙背站,06,乙烯,1.56,ppb
崙背站,06,丙烷,3.08,ppb
崙背站,06,丙烯,1.04,ppb
崙背站,06,異丁烷,1.79,ppb
崙背站,06,正丁烷,3.22,ppb
崙背站,06,乙炔,2.75,ppb
崙背站,06,反2-丁烯,0.42,ppb
崙背站,06,1-丁烯,0.76,ppb
崙背站,06,順2-丁烯,0.24,ppb
崙背站,06,環戊烷,0.65,ppb
崙背站,06,異戊烷,2.55,ppb
崙背站,06,正戊烷,1.17,ppb
崙背站,06,反2-戊烯,0.23,ppb
崙背站,06,1-戊烯,0,ppb
崙背站,06,順2-戊烯,0,ppb
崙背站,06,"2,2-二甲基丁烷",0,ppb
崙背站,06,"2,3-二甲基丁烷",0.23,ppb
崙背站,06,2-甲基戊烷,0.56,ppb
崙背站,06,3-甲基戊烷,0.39,ppb
崙背站,06,異戊二烯,0.77,ppb
崙背站,06,正己烷,0,ppb
崙背站,06,甲基環戊烷,0,ppb
崙背站,06,"2,4-二甲基戊烷",0,ppb
崙背站,06,苯,0,ppb
崙背站,06,環己烷,0,ppb
崙背站,06,2-甲基己烷,0,ppb
崙背站,06,"2,3-二甲基戊烷",0,ppb
崙背站,06,3-甲基己烷,0,ppb
崙背站,06,"2,2,4-三甲基戊烷",0,ppb
崙背站,06,正庚烷,0,ppb
崙背站,06,甲基環己烷,0,ppb
崙背站,06,"2,3,4-三甲基戊烷",0,ppb
崙背站,06,甲苯,3.53,ppb
崙背站,06,2-甲基庚烷,0,ppb
崙背站,06,3-甲基庚烷,0,ppb
崙背站,06,正辛烷,0,ppb
崙背站,06,乙苯,0.37,ppb
崙背站,06,"間,對二甲苯",1.61,ppb
崙背站,06,苯乙烯,0,ppb
崙背站,06,鄰二甲苯,0.64,ppb
崙背站,06,正壬烷,0,ppb
崙背站,06,異丙基苯,0,ppb
崙背站,06,正丙基苯,0,ppb
崙背站,06,間-乙基甲苯,0.28,ppb
崙背站,06,對-乙基甲苯,0,ppb
崙背站,06,"1,3,5-三甲基苯",0,ppb
崙背站,06,鄰-乙基甲苯,0,ppb
崙背站,06,"1,2,4-三甲基苯",0.78,ppb
崙背站,06,葵烷,0,ppb
崙背站,06,"1,2,3-三甲基苯",0.45,ppb
崙背站,06,間-二乙基苯,0,ppb
崙背站,06,對-二乙基苯,0,ppbv
崙背站,06,正十一烷,0,ppbv
四湖站,06,乙烷,1.13,ppb
四湖站,06,乙烯,1.27,ppb
四湖站,06,丙烷,2.42,ppb
四湖站,06,丙烯,0.65,ppb
四湖站,06,異丁烷,1.12,ppb
四湖站,06,正丁烷,2.13,ppb
四湖站,06,乙炔,5.31,ppb
四湖站,06,反2-丁烯,0.26,ppb
四湖站,06,1-丁烯,1.72,ppb
四湖站,06,順2-丁烯,0.17,ppb
四湖站,06,環戊烷,0.43,ppb
四湖站,06,異戊烷,1.54,ppb
四湖站,06,正戊烷,0.9,ppb
四湖站,06,反2-戊烯,0.34,ppb
四湖站,06,1-戊烯,0,ppb
四湖站,06,順2-戊烯,0,ppb
四湖站,06,"2,2-二甲基丁烷",0,ppb
四湖站,06,"2,3-二甲基丁烷",0,ppb
四湖站,06,2-甲基戊烷,0.45,ppb
四湖站,06,3-甲基戊烷,0.3,ppb
四湖站,06,異戊二烯,0.79,ppb
四湖站,06,正己烷,0,ppb
四湖站,06,甲基環戊烷,0,ppb
四湖站,06,"2,4-二甲基戊烷",0,ppb
四湖站,06,苯,1.27,ppb
四湖站,06,環己烷,0,ppb
四湖站,06,2-甲基己烷,0,ppb
四湖站,06,"2,3-二甲基戊烷",0,ppb
四湖站,06,3-甲基己烷,0.38,ppb
四湖站,06,"2,2,4-三甲基戊烷",0.44,ppb
四湖站,06,正庚烷,0.25,ppb
四湖站,06,甲基環己烷,0,ppb
四湖站,06,"2,3,4-三甲基戊烷",0,ppb
四湖站,06,甲苯,3.57,ppb
四湖站,06,2-甲基庚烷,0,ppb
四湖站,06,3-甲基庚烷,0,ppb
四湖站,06,正辛烷,0,ppb
四湖站,06,乙苯,0.35,ppb
四湖站,06,"間,對二甲苯",1.52,ppb
四湖站,06,苯乙烯,0.06,ppb
四湖站,06,鄰二甲苯,0.47,ppb
四湖站,06,正壬烷,0,ppb
四湖站,06,異丙基苯,0,ppb
四湖站,06,正丙基苯,0,ppb
四湖站,06,間-乙基甲苯,0.32,ppb
四湖站,06,對-乙基甲苯,0,ppb
四湖站,06,"1,3,5-三甲基苯",0,ppb
四湖站,06,鄰-乙基甲苯,0.03,ppb
四湖站,06,"1,2,4-三甲基苯",0.4,ppb
四湖站,06,葵烷,1.83,ppb
四湖站,06,"1,2,3-三甲基苯",0.6,ppb
四湖站,06,間-二乙基苯,0.33,ppb
四湖站,06,對-二乙基苯,0.36,ppbv
四湖站,06,正十一烷,0.2,ppbv
東勢站,06,乙烷,0.96,ppb
東勢站,06,乙烯,1.29,ppb
東勢站,06,丙烷,2.06,ppb
東勢站,06,丙烯,0.84,ppb
東勢站,06,異丁烷,1.9,ppb
東勢站,06,正丁烷,4.39,ppb
東勢站,06,乙炔,7.65,ppb
東勢站,06,反2-丁烯,0.78,ppb
東勢站,06,1-丁烯,0.68,ppb
東勢站,06,順2-丁烯,0.4,ppb
東勢站,06,環戊烷,0,ppb
東勢站,06,異戊烷,3.11,ppb
東勢站,06,正戊烷,1.43,ppb
東勢站,06,反2-戊烯,0.67,ppb
東勢站,06,1-戊烯,0.29,ppb
東勢站,06,順2-戊烯,0.3,ppb
東勢站,06,"2,2-二甲基丁烷",0,ppb
東勢站,06,"2,3-二甲基丁烷",0.53,ppb
東勢站,06,2-甲基戊烷,0.48,ppb
東勢站,06,3-甲基戊烷,0,ppb
東勢站,06,異戊二烯,1.07,ppb
東勢站,06,正己烷,0,ppb
東勢站,06,甲基環戊烷,0,ppb
東勢站,06,"2,4-二甲基戊烷",0,ppb
東勢站,06,苯,0.42,ppb
東勢站,06,環己烷,0,ppb
東勢站,06,2-甲基己烷,0,ppb
東勢站,06,"2,3-二甲基戊烷",0,ppb
東勢站,06,3-甲基己烷,0.22,ppb
東勢站,06,"2,2,4-三甲基戊烷",0.68,ppb
東勢站,06,正庚烷,0.29,ppb
東勢站,06,甲基環己烷,0,ppb
東勢站,06,"2,3,4-三甲基戊烷",0.31,ppb
東勢站,06,甲苯,3.36,ppb
東勢站,06,2-甲基庚烷,0.07,ppb
東勢站,06,3-甲基庚烷,0,ppb
東勢站,06,正辛烷,0.3,ppb
東勢站,06,乙苯,0.68,ppb
東勢站,06,"間,對二甲苯",2.61,ppb
東勢站,06,苯乙烯,0.26,ppb
東勢站,06,鄰二甲苯,0.83,ppb
東勢站,06,正壬烷,0,ppb
東勢站,06,異丙基苯,0,ppb
東勢站,06,正丙基苯,0.25,ppb
東勢站,06,間-乙基甲苯,0.85,ppb
東勢站,06,對-乙基甲苯,0.43,ppb
東勢站,06,"1,3,5-三甲基苯",0.4,ppb
東勢站,06,鄰-乙基甲苯,0.37,ppb
東勢站,06,"1,2,4-三甲基苯",1.49,ppb
東勢站,06,葵烷,0.93,ppb
東勢站,06,"1,2,3-三甲基苯",0.67,ppb
東勢站,06,間-二乙基苯,0.21,ppb
東勢站,06,對-二乙基苯,0.24,ppbv
東勢站,06,正十一烷,0.59,ppbv
麥寮站,06,乙烷,1.02,ppb
麥寮站,06,乙烯,1.03,ppb
麥寮站,06,丙烷,3.07,ppb
麥寮站,06,丙烯,0.65,ppb
麥寮站,06,異丁烷,1.66,ppb
麥寮站,06,正丁烷,3.16,ppb
麥寮站,06,乙炔,4.3,ppb
麥寮站,06,反2-丁烯,0.22,ppb
麥寮站,06,1-丁烯,0.71,ppb
麥寮站,06,順2-丁烯,0.21,ppb
麥寮站,06,環戊烷,0,ppb
麥寮站,06,異戊烷,2.11,ppb
麥寮站,06,正戊烷,0.98,ppb
麥寮站,06,反2-戊烯,0,ppb
麥寮站,06,1-戊烯,0,ppb
麥寮站,06,順2-戊烯,0.06,ppb
麥寮站,06,"2,2-二甲基丁烷",0,ppb
麥寮站,06,"2,3-二甲基丁烷",0.14,ppb
麥寮站,06,2-甲基戊烷,0.34,ppb
麥寮站,06,3-甲基戊烷,0.28,ppb
麥寮站,06,異戊二烯,1.27,ppb
麥寮站,06,正己烷,0.37,ppb
麥寮站,06,甲基環戊烷,0.35,ppb
麥寮站,06,"2,4-二甲基戊烷",0,ppb
麥寮站,06,苯,0.33,ppb
麥寮站,06,環己烷,0,ppb
麥寮站,06,2-甲基己烷,0.19,ppb
麥寮站,06,"2,3-二甲基戊烷",0.1,ppb
麥寮站,06,3-甲基己烷,0.37,ppb
麥寮站,06,"2,2,4-三甲基戊烷",0.62,ppb
麥寮站,06,正庚烷,0.32,ppb
麥寮站,06,甲基環己烷,0.01,ppb
麥寮站,06,"2,3,4-三甲基戊烷",0.28,ppb
麥寮站,06,甲苯,3.8,ppb
麥寮站,06,2-甲基庚烷,0,ppb
麥寮站,06,3-甲基庚烷,0,ppb
麥寮站,06,正辛烷,0.08,ppb
麥寮站,06,乙苯,0.77,ppb
麥寮站,06,"間,對二甲苯",2.21,ppb
麥寮站,06,苯乙烯,0.01,ppb
麥寮站,06,鄰二甲苯,0.7,ppb
麥寮站,06,正壬烷,0.05,ppb
麥寮站,06,異丙基苯,0,ppb
麥寮站,06,正丙基苯,0.09,ppb
麥寮站,06,間-乙基甲苯,0.49,ppb
麥寮站,06,對-乙基甲苯,0.23,ppb
麥寮站,06,"1,3,5-三甲基苯",0.17,ppb
麥寮站,06,鄰-乙基甲苯,0.2,ppb
麥寮站,06,"1,2,4-三甲基苯",0.72,ppb
麥寮站,06,葵烷,0.14,ppb
麥寮站,06,"1,2,3-三甲基苯",0.66,ppb
麥寮站,06,間-二乙基苯,0.05,ppb
麥寮站,06,對-二乙基苯,0.14,ppbv
麥寮站,06,正十一烷,0.15,ppbv
台西站,06,乙烷,0.93,ppb
台西站,06,乙烯,0.8,ppb
台西站,06,丙烷,2.26,ppb
台西站,06,丙烯,0.52,ppb
台西站,06,異丁烷,2.34,ppb
台西站,06,正丁烷,3.9,ppb
台西站,06,乙炔,3.13,ppb
台西站,06,反2-丁烯,0.36,ppb
台西站,06,1-丁烯,0.62,ppb
台西站,06,順2-丁烯,0.21,ppb
台西站,06,環戊烷,0.36,ppb
台西站,06,異戊烷,1.48,ppb
台西站,06,正戊烷,0.82,ppb
台西站,06,反2-戊烯,0.2,ppb
台西站,06,1-戊烯,0,ppb
台西站,06,順2-戊烯,0.15,ppb
台西站,06,"2,2-二甲基丁烷",0,ppb
台西站,06,"2,3-二甲基丁烷",0.15,ppb
台西站,06,2-甲基戊烷,0.45,ppb
台西站,06,3-甲基戊烷,0.25,ppb
台西站,06,異戊二烯,1.45,ppb
台西站,06,正己烷,0,ppb
台西站,06,甲基環戊烷,0,ppb
台西站,06,"2,4-二甲基戊烷",0,ppb
台西站,06,苯,0,ppb
台西站,06,環己烷,0,ppb
台西站,06,2-甲基己烷,0,ppb
台西站,06,"2,3-二甲基戊烷",0,ppb
台西站,06,3-甲基己烷,0,ppb
台西站,06,"2,2,4-三甲基戊烷",0,ppb
台西站,06,正庚烷,0,ppb
台西站,06,甲基環己烷,0,ppb
台西站,06,"2,3,4-三甲基戊烷",0,ppb
台西站,06,甲苯,1.93,ppb
台西站,06,2-甲基庚烷,0,ppb
台西站,06,3-甲基庚烷,0.03,ppb
台西站,06,正辛烷,0,ppb
台西站,06,乙苯,0.12,ppb
台西站,06,"間,對二甲苯",1.73,ppb
台西站,06,苯乙烯,0,ppb
台西站,06,鄰二甲苯,0.42,ppb
台西站,06,正壬烷,0,ppb
台西站,06,異丙基苯,0,ppb
台西站,06,正丙基苯,0,ppb
台西站,06,間-乙基甲苯,0.15,ppb
台西站,06,對-乙基甲苯,0,ppb
台西站,06,"1,3,5-三甲基苯",0,ppb
台西站,06,鄰-乙基甲苯,0,ppb
台西站,06,"1,2,4-三甲基苯",0.77,ppb
台西站,06,葵烷,0.03,ppb
台西站,06,"1,2,3-三甲基苯",0.36,ppb
台西站,06,間-二乙基苯,0,ppb
台西站,06,對-二乙基苯,0,ppbv
台西站,06,正十一烷,0.16,ppbv
土庫站,06,乙烷,1.09,ppb
土庫站,06,乙烯,2.26,ppb
土庫站,06,丙烷,3.25,ppb
土庫站,06,丙烯,1.04,ppb
土庫站,06,異丁烷,3.15,ppb
土庫站,06,正丁烷,4.57,ppb
土庫站,06,乙炔,8.32,ppb
土庫站,06,反2-丁烯,0.48,ppb
土庫站,06,1-丁烯,0.49,ppb
土庫站,06,順2-丁烯,0.28,ppb
土庫站,06,環戊烷,0.67,ppb
土庫站,06,異戊烷,1.97,ppb
土庫站,06,正戊烷,1.13,ppb
土庫站,06,反2-戊烯,0.5,ppb
土庫站,06,1-戊烯,0,ppb
土庫站,06,順2-戊烯,0,ppb
土庫站,06,"2,2-二甲基丁烷",0.15,ppb
土庫站,06,"2,3-二甲基丁烷",0.3,ppb
土庫站,06,2-甲基戊烷,0.77,ppb
土庫站,06,3-甲基戊烷,0.39,ppb
土庫站,06,異戊二烯,0.42,ppb
土庫站,06,正己烷,0,ppb
土庫站,06,甲基環戊烷,0,ppb
土庫站,06,"2,4-二甲基戊烷",0,ppb
土庫站,06,苯,0.15,ppb
土庫站,06,環己烷,0,ppb
土庫站,06,2-甲基己烷,0,ppb
土庫站,06,"2,3-二甲基戊烷",0,ppb
土庫站,06,3-甲基己烷,0,ppb
土庫站,06,"2,2,4-三甲基戊烷",0,ppb
土庫站,06,正庚烷,0,ppb
土庫站,06,甲基環己烷,0,ppb
土庫站,06,"2,3,4-三甲基戊烷",0,ppb
土庫站,06,甲苯,2.84,ppb
土庫站,06,2-甲基庚烷,0,ppb
土庫站,06,3-甲基庚烷,0,ppb
土庫站,06,正辛烷,0,ppb
土庫站,06,乙苯,0,ppb
土庫站,06,"間,對二甲苯",1.72,ppb
土庫站,06,苯乙烯,0,ppb
土庫站,06,鄰二甲苯,0.52,ppb
土庫站,06,正壬烷,0,ppb
土庫站,06,異丙基苯,0,ppb
土庫站,06,正丙基苯,0,ppb
土庫站,06,間-乙基甲苯,0.51,ppb
土庫站,06,對-乙基甲苯,0,ppb
土庫站,06,"1,3,5-三甲基苯",0,ppb
土庫站,06,鄰-乙基甲苯,0.19,ppb
土庫站,06,"1,2,4-三甲基苯",1.14,ppb
土庫站,06,葵烷,0,ppb
土庫站,06,"1,2,3-三甲基苯",0.67,ppb
土庫站,06,間-二乙基苯,0,ppb
土庫站,06,對-二乙基苯,0,ppbv
土庫站,06,正十一烷,0.44,ppbv
西螺站,06,乙烷,0.88,ppb
西螺站,06,乙烯,1.26,ppb
西螺站,06,丙烷,2.1,ppb
西螺站,06,丙烯,0.77,ppb
西螺站,06,異丁烷,1.29,ppb
西螺站,06,正丁烷,1.99,ppb
西螺站,06,乙炔,1.67,ppb
西螺站,06,反2-丁烯,0.37,ppb
西螺站,06,1-丁烯,0.37,ppb
西螺站,06,順2-丁烯,0.24,ppb
西螺站,06,環戊烷,0.37,ppb
西螺站,06,異戊烷,1.71,ppb
西螺站,06,正戊烷,0.76,ppb
西螺站,06,反2-戊烯,0.22,ppb
西螺站,06,1-戊烯,0,ppb
西螺站,06,順2-戊烯,0,ppb
西螺站,06,"2,2-二甲基丁烷",0,ppb
西螺站,06,"2,3-二甲基丁烷",0.14,ppb
西螺站,06,2-甲基戊烷,0.43,ppb
西螺站,06,3-甲基戊烷,0.29,ppb
西螺站,06,異戊二烯,0.53,ppb
西螺站,06,正己烷,0.04,ppb
西螺站,06,甲基環戊烷,0.08,ppb
西螺站,06,"2,4-二甲基戊烷",0,ppb
西螺站,06,苯,0.36,ppb
西螺站,06,環己烷,0.02,ppb
西螺站,06,2-甲基己烷,0,ppb
西螺站,06,"2,3-二甲基戊烷",0,ppb
西螺站,06,3-甲基己烷,0,ppb
西螺站,06,"2,2,4-三甲基戊烷",0.48,ppb
西螺站,06,正庚烷,0.27,ppb
西螺站,06,甲基環己烷,0,ppb
西螺站,06,"2,3,4-三甲基戊烷",0.3,ppb
西螺站,06,甲苯,2.15,ppb
西螺站,06,2-甲基庚烷,0.05,ppb
西螺站,06,3-甲基庚烷,0.03,ppb
西螺站,06,正辛烷,0,ppb
西螺站,06,乙苯,0.25,ppb
西螺站,06,"間,對二甲苯",0.93,ppb
西螺站,06,苯乙烯,0,ppb
西螺站,06,鄰二甲苯,0.21,ppb
西螺站,06,正壬烷,0.02,ppb
西螺站,06,異丙基苯,0,ppb
西螺站,06,正丙基苯,0.06,ppb
西螺站,06,間-乙基甲苯,0.17,ppb
西螺站,06,對-乙基甲苯,0,ppb
西螺站,06,"1,3,5-三甲基苯",0,ppb
西螺站,06,鄰-乙基甲苯,0.04,ppb
西螺站,06,"1,2,4-三甲基苯",0.57,ppb
西螺站,06,葵烷,0.03,ppb
西螺站,06,"1,2,3-三甲基苯",0.53,ppb
西螺站,06,間-二乙基苯,0.01,ppb
西螺站,06,對-二乙基苯,0.03,ppbv
西螺站,06,正十一烷,0.15,ppbv
大城站,07,乙烷,1.34,ppb
大城站,07,乙烯,1.76,ppb
大城站,07,丙烷,0.49,ppb
大城站,07,丙烯,0.84,ppb
大城站,07,異丁烷,7.29,ppb
大城站,07,正丁烷,10.73,ppb
大城站,07,乙炔,5.43,ppb
大城站,07,反2-丁烯,0.44,ppb
大城站,07,1-丁烯,0.61,ppb
大城站,07,順2-丁烯,0.23,ppb
大城站,07,環戊烷,0,ppb
大城站,07,異戊烷,3.95,ppb
大城站,07,正戊烷,2.97,ppb
大城站,07,反2-戊烯,0.3,ppb
大城站,07,1-戊烯,0.13,ppb
大城站,07,順2-戊烯,0.13,ppb
大城站,07,"2,2-二甲基丁烷",0,ppb
大城站,07,"2,3-二甲基丁烷",0.33,ppb
大城站,07,2-甲基戊烷,1,ppb
大城站,07,3-甲基戊烷,0.61,ppb
大城站,07,異戊二烯,3.71,ppb
大城站,07,正己烷,0,ppb
大城站,07,甲基環戊烷,0,ppb
大城站,07,"2,4-二甲基戊烷",0,ppb
大城站,07,苯,0,ppb
大城站,07,環己烷,0,ppb
大城站,07,2-甲基己烷,0,ppb
大城站,07,"2,3-二甲基戊烷",0,ppb
大城站,07,3-甲基己烷,0,ppb
大城站,07,"2,2,4-三甲基戊烷",0,ppb
大城站,07,正庚烷,0,ppb
大城站,07,甲基環己烷,0,ppb
大城站,07,"2,3,4-三甲基戊烷",0,ppb
大城站,07,甲苯,5.78,ppb
大城站,07,2-甲基庚烷,0,ppb
大城站,07,3-甲基庚烷,0,ppb
大城站,07,正辛烷,0,ppb
大城站,07,乙苯,0.5,ppb
大城站,07,"間,對二甲苯",2.64,ppb
大城站,07,苯乙烯,0,ppb
大城站,07,鄰二甲苯,0.97,ppb
大城站,07,正壬烷,0,ppb
大城站,07,異丙基苯,0,ppb
大城站,07,正丙基苯,0,ppb
大城站,07,間-乙基甲苯,1.2,ppb
大城站,07,對-乙基甲苯,0.6,ppb
大城站,07,"1,3,5-三甲基苯",0.39,ppb
大城站,07,鄰-乙基甲苯,0.49,ppb
大城站,07,"1,2,4-三甲基苯",2.27,ppb
大城站,07,葵烷,0,ppb
大城站,07,"1,2,3-三甲基苯",0.82,ppb
大城站,07,間-二乙基苯,0,ppb
大城站,07,對-二乙基苯,0,ppbv
大城站,07,正十一烷,0,ppbv
東石站,07,乙烷,0.64,ppb
東石站,07,乙烯,1.12,ppb
東石站,07,丙烷,2.56,ppb
東石站,07,丙烯,0,ppb
東石站,07,異丁烷,1.56,ppb
東石站,07,正丁烷,3.02,ppb
東石站,07,乙炔,1.2,ppb
東石站,07,反2-丁烯,0,ppb
東石站,07,1-丁烯,0.71,ppb
東石站,07,順2-丁烯,0.21,ppb
東石站,07,環戊烷,0,ppb
東石站,07,異戊烷,2.56,ppb
東石站,07,正戊烷,0.6,ppb
東石站,07,反2-戊烯,0.1,ppb
東石站,07,1-戊烯,0,ppb
東石站,07,順2-戊烯,0,ppb
東石站,07,"2,2-二甲基丁烷",0,ppb
東石站,07,"2,3-二甲基丁烷",0.38,ppb
東石站,07,2-甲基戊烷,0.29,ppb
東石站,07,3-甲基戊烷,0,ppb
東石站,07,異戊二烯,1.81,ppb
東石站,07,正己烷,0,ppb
東石站,07,甲基環戊烷,0,ppb
東石站,07,"2,4-二甲基戊烷",0,ppb
東石站,07,苯,0,ppb
東石站,07,環己烷,0,ppb
東石站,07,2-甲基己烷,0,ppb
東石站,07,"2,3-二甲基戊烷",0,ppb
東石站,07,3-甲基己烷,0,ppb
東石站,07,"2,2,4-三甲基戊烷",0,ppb
東石站,07,正庚烷,0,ppb
東石站,07,甲基環己烷,0,ppb
東石站,07,"2,3,4-三甲基戊烷",0,ppb
東石站,07,甲苯,4.2,ppb
東石站,07,2-甲基庚烷,0,ppb
東石站,07,3-甲基庚烷,0,ppb
東石站,07,正辛烷,0,ppb
東石站,07,乙苯,0.35,ppb
東石站,07,"間,對二甲苯",1.1,ppb
東石站,07,苯乙烯,0,ppb
東石站,07,鄰二甲苯,0.37,ppb
東石站,07,正壬烷,0,ppb
東石站,07,異丙基苯,0,ppb
東石站,07,正丙基苯,0,ppb
東石站,07,間-乙基甲苯,0.39,ppb
東石站,07,對-乙基甲苯,0,ppb
東石站,07,"1,3,5-三甲基苯",0,ppb
東石站,07,鄰-乙基甲苯,0,ppb
東石站,07,"1,2,4-三甲基苯",0.94,ppb
東石站,07,葵烷,0,ppb
東石站,07,"1,2,3-三甲基苯",0.4,ppb
東石站,07,間-二乙基苯,0,ppb
東石站,07,對-二乙基苯,0,ppbv
東石站,07,正十一烷,0.38,ppbv
褒忠站,07,乙烷,---,ppb
褒忠站,07,乙烯,---,ppb
褒忠站,07,丙烷,---,ppb
褒忠站,07,丙烯,---,ppb
褒忠站,07,異丁烷,---,ppb
褒忠站,07,正丁烷,---,ppb
褒忠站,07,乙炔,---,ppb
褒忠站,07,反2-丁烯,---,ppb
褒忠站,07,1-丁烯,---,ppb
褒忠站,07,順2-丁烯,---,ppb
褒忠站,07,環戊烷,---,ppb
褒忠站,07,異戊烷,---,ppb
褒忠站,07,正戊烷,---,ppb
褒忠站,07,反2-戊烯,---,ppb
褒忠站,07,1-戊烯,---,ppb
褒忠站,07,順2-戊烯,---,ppb
褒忠站,07,"2,2-二甲基丁烷",---,ppb
褒忠站,07,"2,3-二甲基丁烷",---,ppb
褒忠站,07,2-甲基戊烷,---,ppb
褒忠站,07,3-甲基戊烷,---,ppb
褒忠站,07,異戊二烯,---,ppb
褒忠站,07,正己烷,---,ppb
褒忠站,07,甲基環戊烷,---,ppb
褒忠站,07,"2,4-二甲基戊烷",---,ppb
褒忠站,07,苯,---,ppb
褒忠站,07,環己烷,---,ppb
褒忠站,07,2-甲基己烷,---,ppb
褒忠站,07,"2,3-二甲基戊烷",---,ppb
褒忠站,07,3-甲基己烷,---,ppb
褒忠站,07,"2,2,4-三甲基戊烷",---,ppb
褒忠站,07,正庚烷,---,ppb
褒忠站,07,甲基環己烷,---,ppb
褒忠站,07,"2,3,4-三甲基戊烷",---,ppb
褒忠站,07,甲苯,---,ppb
褒忠站,07,2-甲基庚烷,---,ppb
褒忠站,07,3-甲基庚烷,---,ppb
褒忠站,07,正辛烷,---,ppb
褒忠站,07,乙苯,---,ppb
褒忠站,07,"間,對二甲苯",---,ppb
褒忠站,07,苯乙烯,---,ppb
褒忠站,07,鄰二甲苯,---,ppb
褒忠站,07,正壬烷,---,ppb
褒忠站,07,異丙基苯,---,ppb
褒忠站,07,正丙基苯,---,ppb
褒忠站,07,間-乙基甲苯,---,ppb
褒忠站,07,對-乙基甲苯,---,ppb
褒忠站,07,"1,3,5-三甲基苯",---,ppb
褒忠站,07,鄰-乙基甲苯,---,ppb
褒忠站,07,"1,2,4-三甲基苯",---,ppb
褒忠站,07,葵烷,---,ppb
褒忠站,07,"1,2,3-三甲基苯",---,ppb
褒忠站,07,間-二乙基苯,---,ppb
褒忠站,07,對-二乙基苯,---,ppbv
褒忠站,07,正十一烷,---,ppbv
崙背站,07,乙烷,1.36,ppb
崙背站,07,乙烯,1.71,ppb
崙背站,07,丙烷,2.73,ppb
崙背站,07,丙烯,0.85,ppb
崙背站,07,異丁烷,2.09,ppb
崙背站,07,正丁烷,3.73,ppb
崙背站,07,乙炔,3.22,ppb
崙背站,07,反2-丁烯,0.35,ppb
崙背站,07,1-丁烯,0.59,ppb
崙背站,07,順2-丁烯,0.24,ppb
崙背站,07,環戊烷,0.65,ppb
崙背站,07,異戊烷,2.83,ppb
崙背站,07,正戊烷,1.19,ppb
崙背站,07,反2-戊烯,0.25,ppb
崙背站,07,1-戊烯,0,ppb
崙背站,07,順2-戊烯,0,ppb
崙背站,07,"2,2-二甲基丁烷",0,ppb
崙背站,07,"2,3-二甲基丁烷",0.22,ppb
崙背站,07,2-甲基戊烷,0.61,ppb
崙背站,07,3-甲基戊烷,0.51,ppb
崙背站,07,異戊二烯,2.69,ppb
崙背站,07,正己烷,0,ppb
崙背站,07,甲基環戊烷,0,ppb
崙背站,07,"2,4-二甲基戊烷",0,ppb
崙背站,07,苯,0,ppb
崙背站,07,環己烷,0,ppb
崙背站,07,2-甲基己烷,0,ppb
崙背站,07,"2,3-二甲基戊烷",0,ppb
崙背站,07,3-甲基己烷,0,ppb
崙背站,07,"2,2,4-三甲基戊烷",0,ppb
崙背站,07,正庚烷,0,ppb
崙背站,07,甲基環己烷,0,ppb
崙背站,07,"2,3,4-三甲基戊烷",0,ppb
崙背站,07,甲苯,4.15,ppb
崙背站,07,2-甲基庚烷,0,ppb
崙背站,07,3-甲基庚烷,0,ppb
崙背站,07,正辛烷,0,ppb
崙背站,07,乙苯,0.03,ppb
崙背站,07,"間,對二甲苯",1.64,ppb
崙背站,07,苯乙烯,0,ppb
崙背站,07,鄰二甲苯,0.68,ppb
崙背站,07,正壬烷,0,ppb
崙背站,07,異丙基苯,0,ppb
崙背站,07,正丙基苯,0,ppb
崙背站,07,間-乙基甲苯,0.45,ppb
崙背站,07,對-乙基甲苯,0,ppb
崙背站,07,"1,3,5-三甲基苯",0.16,ppb
崙背站,07,鄰-乙基甲苯,0,ppb
崙背站,07,"1,2,4-三甲基苯",1.1,ppb
崙背站,07,葵烷,0,ppb
崙背站,07,"1,2,3-三甲基苯",0.6,ppb
崙背站,07,間-二乙基苯,0,ppb
崙背站,07,對-二乙基苯,0,ppbv
崙背站,07,正十一烷,0,ppbv
四湖站,07,乙烷,1.1,ppb
四湖站,07,乙烯,1.31,ppb
四湖站,07,丙烷,1.85,ppb
四湖站,07,丙烯,0.69,ppb
四湖站,07,異丁烷,1.09,ppb
四湖站,07,正丁烷,1.9,ppb
四湖站,07,乙炔,3.57,ppb
四湖站,07,反2-丁烯,0.27,ppb
四湖站,07,1-丁烯,2.01,ppb
四湖站,07,順2-丁烯,0.24,ppb
四湖站,07,環戊烷,0.49,ppb
四湖站,07,異戊烷,1.66,ppb
四湖站,07,正戊烷,0.88,ppb
四湖站,07,反2-戊烯,0.3,ppb
四湖站,07,1-戊烯,0.15,ppb
四湖站,07,順2-戊烯,0,ppb
四湖站,07,"2,2-二甲基丁烷",0,ppb
四湖站,07,"2,3-二甲基丁烷",0,ppb
四湖站,07,2-甲基戊烷,0.43,ppb
四湖站,07,3-甲基戊烷,0.28,ppb
四湖站,07,異戊二烯,1.58,ppb
四湖站,07,正己烷,0,ppb
四湖站,07,甲基環戊烷,0,ppb
四湖站,07,"2,4-二甲基戊烷",0,ppb
四湖站,07,苯,0.71,ppb
四湖站,07,環己烷,0,ppb
四湖站,07,2-甲基己烷,0.08,ppb
四湖站,07,"2,3-二甲基戊烷",0.05,ppb
四湖站,07,3-甲基己烷,0.36,ppb
四湖站,07,"2,2,4-三甲基戊烷",0.69,ppb
四湖站,07,正庚烷,0.27,ppb
四湖站,07,甲基環己烷,0,ppb
四湖站,07,"2,3,4-三甲基戊烷",0.32,ppb
四湖站,07,甲苯,2.67,ppb
四湖站,07,2-甲基庚烷,0,ppb
四湖站,07,3-甲基庚烷,0,ppb
四湖站,07,正辛烷,0.13,ppb
四湖站,07,乙苯,0.44,ppb
四湖站,07,"間,對二甲苯",1.66,ppb
四湖站,07,苯乙烯,0,ppb
四湖站,07,鄰二甲苯,0.63,ppb
四湖站,07,正壬烷,0,ppb
四湖站,07,異丙基苯,0,ppb
四湖站,07,正丙基苯,0.22,ppb
四湖站,07,間-乙基甲苯,0.65,ppb
四湖站,07,對-乙基甲苯,0,ppb
四湖站,07,"1,3,5-三甲基苯",0.32,ppb
四湖站,07,鄰-乙基甲苯,0.43,ppb
四湖站,07,"1,2,4-三甲基苯",1.4,ppb
四湖站,07,葵烷,0.02,ppb
四湖站,07,"1,2,3-三甲基苯",0.64,ppb
四湖站,07,間-二乙基苯,0.04,ppb
四湖站,07,對-二乙基苯,0.05,ppbv
四湖站,07,正十一烷,0.24,ppbv
東勢站,07,乙烷,1.03,ppb
東勢站,07,乙烯,1.66,ppb
東勢站,07,丙烷,1.81,ppb
東勢站,07,丙烯,1.2,ppb
東勢站,07,異丁烷,2,ppb
東勢站,07,正丁烷,4.1,ppb
東勢站,07,乙炔,6.15,ppb
東勢站,07,反2-丁烯,0.72,ppb
東勢站,07,1-丁烯,0.82,ppb
東勢站,07,順2-丁烯,0.38,ppb
東勢站,07,環戊烷,0,ppb
東勢站,07,異戊烷,3.77,ppb
東勢站,07,正戊烷,1.78,ppb
東勢站,07,反2-戊烯,0.78,ppb
東勢站,07,1-戊烯,0.36,ppb
東勢站,07,順2-戊烯,0.3,ppb
東勢站,07,"2,2-二甲基丁烷",0.14,ppb
東勢站,07,"2,3-二甲基丁烷",0.68,ppb
東勢站,07,2-甲基戊烷,0.56,ppb
東勢站,07,3-甲基戊烷,0,ppb
東勢站,07,異戊二烯,1.93,ppb
東勢站,07,正己烷,0.2,ppb
東勢站,07,甲基環戊烷,0,ppb
東勢站,07,"2,4-二甲基戊烷",0,ppb
東勢站,07,苯,0.86,ppb
東勢站,07,環己烷,0,ppb
東勢站,07,2-甲基己烷,0.3,ppb
東勢站,07,"2,3-二甲基戊烷",0,ppb
東勢站,07,3-甲基己烷,0.37,ppb
東勢站,07,"2,2,4-三甲基戊烷",1.09,ppb
東勢站,07,正庚烷,0.24,ppb
東勢站,07,甲基環己烷,0,ppb
東勢站,07,"2,3,4-三甲基戊烷",0.53,ppb
東勢站,07,甲苯,3.83,ppb
東勢站,07,2-甲基庚烷,0.24,ppb
東勢站,07,3-甲基庚烷,0,ppb
東勢站,07,正辛烷,0.28,ppb
東勢站,07,乙苯,0.83,ppb
東勢站,07,"間,對二甲苯",3.56,ppb
東勢站,07,苯乙烯,0,ppb
東勢站,07,鄰二甲苯,1.36,ppb
東勢站,07,正壬烷,0,ppb
東勢站,07,異丙基苯,0.04,ppb
東勢站,07,正丙基苯,0.28,ppb
東勢站,07,間-乙基甲苯,1.17,ppb
東勢站,07,對-乙基甲苯,0.68,ppb
東勢站,07,"1,3,5-三甲基苯",0.54,ppb
東勢站,07,鄰-乙基甲苯,0.48,ppb
東勢站,07,"1,2,4-三甲基苯",2.3,ppb
東勢站,07,葵烷,0,ppb
東勢站,07,"1,2,3-三甲基苯",0.79,ppb
東勢站,07,間-二乙基苯,0.21,ppb
東勢站,07,對-二乙基苯,0.37,ppbv
東勢站,07,正十一烷,0.28,ppbv
麥寮站,07,乙烷,0.99,ppb
麥寮站,07,乙烯,2.08,ppb
麥寮站,07,丙烷,2.88,ppb
麥寮站,07,丙烯,0.7,ppb
麥寮站,07,異丁烷,1.64,ppb
麥寮站,07,正丁烷,2.97,ppb
麥寮站,07,乙炔,8.41,ppb
麥寮站,07,反2-丁烯,0.18,ppb
麥寮站,07,1-丁烯,0.65,ppb
麥寮站,07,順2-丁烯,0.15,ppb
麥寮站,07,環戊烷,0,ppb
麥寮站,07,異戊烷,2.04,ppb
麥寮站,07,正戊烷,0.96,ppb
麥寮站,07,反2-戊烯,0.11,ppb
麥寮站,07,1-戊烯,0,ppb
麥寮站,07,順2-戊烯,0,ppb
麥寮站,07,"2,2-二甲基丁烷",0,ppb
麥寮站,07,"2,3-二甲基丁烷",0.15,ppb
麥寮站,07,2-甲基戊烷,0.4,ppb
麥寮站,07,3-甲基戊烷,0.32,ppb
麥寮站,07,異戊二烯,3.1,ppb
麥寮站,07,正己烷,0.56,ppb
麥寮站,07,甲基環戊烷,0.07,ppb
麥寮站,07,"2,4-二甲基戊烷",0.01,ppb
麥寮站,07,苯,0.57,ppb
麥寮站,07,環己烷,0,ppb
麥寮站,07,2-甲基己烷,0.35,ppb
麥寮站,07,"2,3-二甲基戊烷",0,ppb
麥寮站,07,3-甲基己烷,0.47,ppb
麥寮站,07,"2,2,4-三甲基戊烷",0.64,ppb
麥寮站,07,正庚烷,0.38,ppb
麥寮站,07,甲基環己烷,0.13,ppb
麥寮站,07,"2,3,4-三甲基戊烷",0.29,ppb
麥寮站,07,甲苯,4.93,ppb
麥寮站,07,2-甲基庚烷,0.05,ppb
麥寮站,07,3-甲基庚烷,0,ppb
麥寮站,07,正辛烷,0,ppb
麥寮站,07,乙苯,0.78,ppb
麥寮站,07,"間,對二甲苯",2.29,ppb
麥寮站,07,苯乙烯,0,ppb
麥寮站,07,鄰二甲苯,0.72,ppb
麥寮站,07,正壬烷,0,ppb
麥寮站,07,異丙基苯,0.01,ppb
麥寮站,07,正丙基苯,0.2,ppb
麥寮站,07,間-乙基甲苯,0.57,ppb
麥寮站,07,對-乙基甲苯,0.42,ppb
麥寮站,07,"1,3,5-三甲基苯",0.24,ppb
麥寮站,07,鄰-乙基甲苯,0.21,ppb
麥寮站,07,"1,2,4-三甲基苯",1.01,ppb
麥寮站,07,葵烷,0,ppb
麥寮站,07,"1,2,3-三甲基苯",0.57,ppb
麥寮站,07,間-二乙基苯,0.07,ppb
麥寮站,07,對-二乙基苯,0.17,ppbv
麥寮站,07,正十一烷,0.11,ppbv
台西站,07,乙烷,0.87,ppb
台西站,07,乙烯,0.98,ppb
台西站,07,丙烷,2.24,ppb
台西站,07,丙烯,0.62,ppb
台西站,07,異丁烷,1.85,ppb
台西站,07,正丁烷,3.22,ppb
台西站,07,乙炔,3.85,ppb
台西站,07,反2-丁烯,0.25,ppb
台西站,07,1-丁烯,0.64,ppb
台西站,07,順2-丁烯,0.14,ppb
台西站,07,環戊烷,0.46,ppb
台西站,07,異戊烷,1.72,ppb
台西站,07,正戊烷,0.86,ppb
台西站,07,反2-戊烯,0.19,ppb
台西站,07,1-戊烯,0,ppb
台西站,07,順2-戊烯,0,ppb
台西站,07,"2,2-二甲基丁烷",0,ppb
台西站,07,"2,3-二甲基丁烷",0.19,ppb
台西站,07,2-甲基戊烷,0.57,ppb
台西站,07,3-甲基戊烷,0.34,ppb
台西站,07,異戊二烯,4.43,ppb
台西站,07,正己烷,0.15,ppb
台西站,07,甲基環戊烷,0.03,ppb
台西站,07,"2,4-二甲基戊烷",0,ppb
台西站,07,苯,0.18,ppb
台西站,07,環己烷,0,ppb
台西站,07,2-甲基己烷,0.01,ppb
台西站,07,"2,3-二甲基戊烷",0,ppb
台西站,07,3-甲基己烷,0,ppb
台西站,07,"2,2,4-三甲基戊烷",0,ppb
台西站,07,正庚烷,0,ppb
台西站,07,甲基環己烷,0,ppb
台西站,07,"2,3,4-三甲基戊烷",0,ppb
台西站,07,甲苯,2.51,ppb
台西站,07,2-甲基庚烷,0,ppb
台西站,07,3-甲基庚烷,0,ppb
台西站,07,正辛烷,0,ppb
台西站,07,乙苯,0.19,ppb
台西站,07,"間,對二甲苯",2.12,ppb
台西站,07,苯乙烯,0,ppb
台西站,07,鄰二甲苯,0.57,ppb
台西站,07,正壬烷,0,ppb
台西站,07,異丙基苯,0,ppb
台西站,07,正丙基苯,0,ppb
台西站,07,間-乙基甲苯,0.36,ppb
台西站,07,對-乙基甲苯,0,ppb
台西站,07,"1,3,5-三甲基苯",0.28,ppb
台西站,07,鄰-乙基甲苯,0,ppb
台西站,07,"1,2,4-三甲基苯",1.14,ppb
台西站,07,葵烷,0,ppb
台西站,07,"1,2,3-三甲基苯",0.53,ppb
台西站,07,間-二乙基苯,0,ppb
台西站,07,對-二乙基苯,0,ppbv
台西站,07,正十一烷,0.11,ppbv
土庫站,07,乙烷,1.22,ppb
土庫站,07,乙烯,1.83,ppb
土庫站,07,丙烷,2.34,ppb
土庫站,07,丙烯,1.03,ppb
土庫站,07,異丁烷,1.39,ppb
土庫站,07,正丁烷,2.61,ppb
土庫站,07,乙炔,9.44,ppb
土庫站,07,反2-丁烯,0.9,ppb
土庫站,07,1-丁烯,0.5,ppb
土庫站,07,順2-丁烯,0.31,ppb
土庫站,07,環戊烷,0.71,ppb
土庫站,07,異戊烷,2.42,ppb
土庫站,07,正戊烷,1.21,ppb
土庫站,07,反2-戊烯,0.53,ppb
土庫站,07,1-戊烯,0,ppb
土庫站,07,順2-戊烯,0.2,ppb
土庫站,07,"2,2-二甲基丁烷",0,ppb
土庫站,07,"2,3-二甲基丁烷",0.35,ppb
土庫站,07,2-甲基戊烷,0.85,ppb
土庫站,07,3-甲基戊烷,0.48,ppb
土庫站,07,異戊二烯,1.8,ppb
土庫站,07,正己烷,0,ppb
土庫站,07,甲基環戊烷,0,ppb
土庫站,07,"2,4-二甲基戊烷",0,ppb
土庫站,07,苯,0.04,ppb
土庫站,07,環己烷,0,ppb
土庫站,07,2-甲基己烷,0,ppb
土庫站,07,"2,3-二甲基戊烷",0,ppb
土庫站,07,3-甲基己烷,0,ppb
土庫站,07,"2,2,4-三甲基戊烷",0,ppb
土庫站,07,正庚烷,0,ppb
土庫站,07,甲基環己烷,0,ppb
土庫站,07,"2,3,4-三甲基戊烷",0,ppb
土庫站,07,甲苯,2.81,ppb
土庫站,07,2-甲基庚烷,0,ppb
土庫站,07,3-甲基庚烷,0,ppb
土庫站,07,正辛烷,0,ppb
土庫站,07,乙苯,0,ppb
土庫站,07,"間,對二甲苯",1.88,ppb
土庫站,07,苯乙烯,0,ppb
土庫站,07,鄰二甲苯,0.63,ppb
土庫站,07,正壬烷,0,ppb
土庫站,07,異丙基苯,0,ppb
土庫站,07,正丙基苯,0,ppb
土庫站,07,間-乙基甲苯,0.69,ppb
土庫站,07,對-乙基甲苯,0,ppb
土庫站,07,"1,3,5-三甲基苯",0.26,ppb
土庫站,07,鄰-乙基甲苯,0.39,ppb
土庫站,07,"1,2,4-三甲基苯",1.69,ppb
土庫站,07,葵烷,0,ppb
土庫站,07,"1,2,3-三甲基苯",0.76,ppb
土庫站,07,間-二乙基苯,0,ppb
土庫站,07,對-二乙基苯,0,ppbv
土庫站,07,正十一烷,0.2,ppbv
西螺站,07,乙烷,0.86,ppb
西螺站,07,乙烯,2.31,ppb
西螺站,07,丙烷,1.71,ppb
西螺站,07,丙烯,1.1,ppb
西螺站,07,異丁烷,1.83,ppb
西螺站,07,正丁烷,3.07,ppb
西螺站,07,乙炔,3.18,ppb
西螺站,07,反2-丁烯,0.38,ppb
西螺站,07,1-丁烯,0.46,ppb
西螺站,07,順2-丁烯,0.3,ppb
西螺站,07,環戊烷,0.5,ppb
西螺站,07,異戊烷,2.78,ppb
西螺站,07,正戊烷,1.23,ppb
西螺站,07,反2-戊烯,0.29,ppb
西螺站,07,1-戊烯,0,ppb
西螺站,07,順2-戊烯,0,ppb
西螺站,07,"2,2-二甲基丁烷",0,ppb
西螺站,07,"2,3-二甲基丁烷",0.28,ppb
西螺站,07,2-甲基戊烷,0.67,ppb
西螺站,07,3-甲基戊烷,0.43,ppb
西螺站,07,異戊二烯,1.08,ppb
西螺站,07,正己烷,0.12,ppb
西螺站,07,甲基環戊烷,0.33,ppb
西螺站,07,"2,4-二甲基戊烷",0,ppb
西螺站,07,苯,1.3,ppb
西螺站,07,環己烷,0,ppb
西螺站,07,2-甲基己烷,0.32,ppb
西螺站,07,"2,3-二甲基戊烷",0,ppb
西螺站,07,3-甲基己烷,0.41,ppb
西螺站,07,"2,2,4-三甲基戊烷",0.84,ppb
西螺站,07,正庚烷,0,ppb
西螺站,07,甲基環己烷,0,ppb
西螺站,07,"2,3,4-三甲基戊烷",0.43,ppb
西螺站,07,甲苯,2.7,ppb
西螺站,07,2-甲基庚烷,0.09,ppb
西螺站,07,3-甲基庚烷,0.23,ppb
西螺站,07,正辛烷,0.15,ppb
西螺站,07,乙苯,0.37,ppb
西螺站,07,"間,對二甲苯",1.44,ppb
西螺站,07,苯乙烯,0.03,ppb
西螺站,07,鄰二甲苯,0.37,ppb
西螺站,07,正壬烷,0.02,ppb
西螺站,07,異丙基苯,0.03,ppb
西螺站,07,正丙基苯,0.2,ppb
西螺站,07,間-乙基甲苯,0.92,ppb
西螺站,07,對-乙基甲苯,0.48,ppb
西螺站,07,"1,3,5-三甲基苯",0.4,ppb
西螺站,07,鄰-乙基甲苯,0.37,ppb
西螺站,07,"1,2,4-三甲基苯",2.29,ppb
西螺站,07,葵烷,0.01,ppb
西螺站,07,"1,2,3-三甲基苯",0.72,ppb
西螺站,07,間-二乙基苯,0.02,ppb
西螺站,07,對-二乙基苯,0.12,ppbv
西螺站,07,正十一烷,0.05,ppbv
大城站,08,乙烷,1.33,ppb
大城站,08,乙烯,1.32,ppb
大城站,08,丙烷,0.5,ppb
大城站,08,丙烯,0.56,ppb
大城站,08,異丁烷,2.36,ppb
大城站,08,正丁烷,3.81,ppb
大城站,08,乙炔,3.83,ppb
大城站,08,反2-丁烯,0.28,ppb
大城站,08,1-丁烯,0.51,ppb
大城站,08,順2-丁烯,0.18,ppb
大城站,08,環戊烷,0,ppb
大城站,08,異戊烷,2.86,ppb
大城站,08,正戊烷,2.15,ppb
大城站,08,反2-戊烯,0.18,ppb
大城站,08,1-戊烯,0,ppb
大城站,08,順2-戊烯,0,ppb
大城站,08,"2,2-二甲基丁烷",0,ppb
大城站,08,"2,3-二甲基丁烷",0.27,ppb
大城站,08,2-甲基戊烷,0.74,ppb
大城站,08,3-甲基戊烷,0.55,ppb
大城站,08,異戊二烯,6.26,ppb
大城站,08,正己烷,0,ppb
大城站,08,甲基環戊烷,0,ppb
大城站,08,"2,4-二甲基戊烷",0,ppb
大城站,08,苯,0,ppb
大城站,08,環己烷,0,ppb
大城站,08,2-甲基己烷,0,ppb
大城站,08,"2,3-二甲基戊烷",0,ppb
大城站,08,3-甲基己烷,0,ppb
大城站,08,"2,2,4-三甲基戊烷",0,ppb
大城站,08,正庚烷,0,ppb
大城站,08,甲基環己烷,0,ppb
大城站,08,"2,3,4-三甲基戊烷",0,ppb
大城站,08,甲苯,4.58,ppb
大城站,08,2-甲基庚烷,0,ppb
大城站,08,3-甲基庚烷,0,ppb
大城站,08,正辛烷,0,ppb
大城站,08,乙苯,0.46,ppb
大城站,08,"間,對二甲苯",1.9,ppb
大城站,08,苯乙烯,0,ppb
大城站,08,鄰二甲苯,0.65,ppb
大城站,08,正壬烷,0,ppb
大城站,08,異丙基苯,0,ppb
大城站,08,正丙基苯,0,ppb
大城站,08,間-乙基甲苯,0.87,ppb
大城站,08,對-乙基甲苯,0.43,ppb
大城站,08,"1,3,5-三甲基苯",0,ppb
大城站,08,鄰-乙基甲苯,0.4,ppb
大城站,08,"1,2,4-三甲基苯",1.74,ppb
大城站,08,葵烷,0,ppb
大城站,08,"1,2,3-三甲基苯",0.66,ppb
大城站,08,間-二乙基苯,0,ppb
大城站,08,對-二乙基苯,0,ppbv
大城站,08,正十一烷,0,ppbv
東石站,08,乙烷,0.93,ppb
東石站,08,乙烯,0.67,ppb
東石站,08,丙烷,1.91,ppb
東石站,08,丙烯,0,ppb
東石站,08,異丁烷,1.84,ppb
東石站,08,正丁烷,2.99,ppb
東石站,08,乙炔,1.89,ppb
東石站,08,反2-丁烯,0,ppb
東石站,08,1-丁烯,0.63,ppb
東石站,08,順2-丁烯,0,ppb
東石站,08,環戊烷,0,ppb
東石站,08,異戊烷,1.79,ppb
東石站,08,正戊烷,0.56,ppb
東石站,08,反2-戊烯,0,ppb
東石站,08,1-戊烯,0,ppb
東石站,08,順2-戊烯,0,ppb
東石站,08,"2,2-二甲基丁烷",0,ppb
東石站,08,"2,3-二甲基丁烷",0.32,ppb
東石站,08,2-甲基戊烷,0.26,ppb
東石站,08,3-甲基戊烷,0,ppb
東石站,08,異戊二烯,1.74,ppb
東石站,08,正己烷,0,ppb
東石站,08,甲基環戊烷,0,ppb
東石站,08,"2,4-二甲基戊烷",0,ppb
東石站,08,苯,0,ppb
東石站,08,環己烷,0,ppb
東石站,08,2-甲基己烷,0,ppb
東石站,08,"2,3-二甲基戊烷",0,ppb
東石站,08,3-甲基己烷,0,ppb
東石站,08,"2,2,4-三甲基戊烷",0,ppb
東石站,08,正庚烷,0,ppb
東石站,08,甲基環己烷,0,ppb
東石站,08,"2,3,4-三甲基戊烷",0,ppb
東石站,08,甲苯,3.97,ppb
東石站,08,2-甲基庚烷,0,ppb
東石站,08,3-甲基庚烷,0,ppb
東石站,08,正辛烷,0,ppb
東石站,08,乙苯,0.35,ppb
東石站,08,"間,對二甲苯",0.72,ppb
東石站,08,苯乙烯,0,ppb
東石站,08,鄰二甲苯,0.3,ppb
東石站,08,正壬烷,0,ppb
東石站,08,異丙基苯,0,ppb
東石站,08,正丙基苯,0,ppb
東石站,08,間-乙基甲苯,0.29,ppb
東石站,08,對-乙基甲苯,0,ppb
東石站,08,"1,3,5-三甲基苯",0,ppb
東石站,08,鄰-乙基甲苯,0.23,ppb
東石站,08,"1,2,4-三甲基苯",0.96,ppb
東石站,08,葵烷,0,ppb
東石站,08,"1,2,3-三甲基苯",0.33,ppb
東石站,08,間-二乙基苯,0,ppb
東石站,08,對-二乙基苯,0,ppbv
東石站,08,正十一烷,0.37,ppbv
褒忠站,08,乙烷,---,ppb
褒忠站,08,乙烯,---,ppb
褒忠站,08,丙烷,---,ppb
褒忠站,08,丙烯,---,ppb
褒忠站,08,異丁烷,---,ppb
褒忠站,08,正丁烷,---,ppb
褒忠站,08,乙炔,---,ppb
褒忠站,08,反2-丁烯,---,ppb
褒忠站,08,1-丁烯,---,ppb
褒忠站,08,順2-丁烯,---,ppb
褒忠站,08,環戊烷,---,ppb
褒忠站,08,異戊烷,---,ppb
褒忠站,08,正戊烷,---,ppb
褒忠站,08,反2-戊烯,---,ppb
褒忠站,08,1-戊烯,---,ppb
褒忠站,08,順2-戊烯,---,ppb
褒忠站,08,"2,2-二甲基丁烷",---,ppb
褒忠站,08,"2,3-二甲基丁烷",---,ppb
褒忠站,08,2-甲基戊烷,---,ppb
褒忠站,08,3-甲基戊烷,---,ppb
褒忠站,08,異戊二烯,---,ppb
褒忠站,08,正己烷,---,ppb
褒忠站,08,甲基環戊烷,---,ppb
褒忠站,08,"2,4-二甲基戊烷",---,ppb
褒忠站,08,苯,---,ppb
褒忠站,08,環己烷,---,ppb
褒忠站,08,2-甲基己烷,---,ppb
褒忠站,08,"2,3-二甲基戊烷",---,ppb
褒忠站,08,3-甲基己烷,---,ppb
褒忠站,08,"2,2,4-三甲基戊烷",---,ppb
褒忠站,08,正庚烷,---,ppb
褒忠站,08,甲基環己烷,---,ppb
褒忠站,08,"2,3,4-三甲基戊烷",---,ppb
褒忠站,08,甲苯,---,ppb
褒忠站,08,2-甲基庚烷,---,ppb
褒忠站,08,3-甲基庚烷,---,ppb
褒忠站,08,正辛烷,---,ppb
褒忠站,08,乙苯,---,ppb
褒忠站,08,"間,對二甲苯",---,ppb
褒忠站,08,苯乙烯,---,ppb
褒忠站,08,鄰二甲苯,---,ppb
褒忠站,08,正壬烷,---,ppb
褒忠站,08,異丙基苯,---,ppb
褒忠站,08,正丙基苯,---,ppb
褒忠站,08,間-乙基甲苯,---,ppb
褒忠站,08,對-乙基甲苯,---,ppb
褒忠站,08,"1,3,5-三甲基苯",---,ppb
褒忠站,08,鄰-乙基甲苯,---,ppb
褒忠站,08,"1,2,4-三甲基苯",---,ppb
褒忠站,08,葵烷,---,ppb
褒忠站,08,"1,2,3-三甲基苯",---,ppb
褒忠站,08,間-二乙基苯,---,ppb
褒忠站,08,對-二乙基苯,---,ppbv
褒忠站,08,正十一烷,---,ppbv
崙背站,08,乙烷,0.89,ppb
崙背站,08,乙烯,1.2,ppb
崙背站,08,丙烷,2.23,ppb
崙背站,08,丙烯,0.63,ppb
崙背站,08,異丁烷,1.26,ppb
崙背站,08,正丁烷,2.27,ppb
崙背站,08,乙炔,2.31,ppb
崙背站,08,反2-丁烯,0.27,ppb
崙背站,08,1-丁烯,0.42,ppb
崙背站,08,順2-丁烯,0.2,ppb
崙背站,08,環戊烷,0.54,ppb
崙背站,08,異戊烷,2.01,ppb
崙背站,08,正戊烷,0.87,ppb
崙背站,08,反2-戊烯,0,ppb
崙背站,08,1-戊烯,0,ppb
崙背站,08,順2-戊烯,0,ppb
崙背站,08,"2,2-二甲基丁烷",0,ppb
崙背站,08,"2,3-二甲基丁烷",0.17,ppb
崙背站,08,2-甲基戊烷,0.47,ppb
崙背站,08,3-甲基戊烷,0.33,ppb
崙背站,08,異戊二烯,2.99,ppb
崙背站,08,正己烷,0,ppb
崙背站,08,甲基環戊烷,0,ppb
崙背站,08,"2,4-二甲基戊烷",0,ppb
崙背站,08,苯,0,ppb
崙背站,08,環己烷,0,ppb
崙背站,08,2-甲基己烷,0,ppb
崙背站,08,"2,3-二甲基戊烷",0,ppb
崙背站,08,3-甲基己烷,0,ppb
崙背站,08,"2,2,4-三甲基戊烷",0,ppb
崙背站,08,正庚烷,0,ppb
崙背站,08,甲基環己烷,0,ppb
崙背站,08,"2,3,4-三甲基戊烷",0,ppb
崙背站,08,甲苯,2.83,ppb
崙背站,08,2-甲基庚烷,0,ppb
崙背站,08,3-甲基庚烷,0,ppb
崙背站,08,正辛烷,0,ppb
崙背站,08,乙苯,0,ppb
崙背站,08,"間,對二甲苯",1.06,ppb
崙背站,08,苯乙烯,0,ppb
崙背站,08,鄰二甲苯,0.42,ppb
崙背站,08,正壬烷,0,ppb
崙背站,08,異丙基苯,0,ppb
崙背站,08,正丙基苯,0,ppb
崙背站,08,間-乙基甲苯,0.64,ppb
崙背站,08,對-乙基甲苯,0.4,ppb
崙背站,08,"1,3,5-三甲基苯",0,ppb
崙背站,08,鄰-乙基甲苯,0.26,ppb
崙背站,08,"1,2,4-三甲基苯",1.34,ppb
崙背站,08,葵烷,0,ppb
崙背站,08,"1,2,3-三甲基苯",0.57,ppb
崙背站,08,間-二乙基苯,0,ppb
崙背站,08,對-二乙基苯,0,ppbv
崙背站,08,正十一烷,0,ppbv
四湖站,08,乙烷,1.16,ppb
四湖站,08,乙烯,1.06,ppb
四湖站,08,丙烷,9.19,ppb
四湖站,08,丙烯,0.62,ppb
四湖站,08,異丁烷,1.2,ppb
四湖站,08,正丁烷,1.99,ppb
四湖站,08,乙炔,3.24,ppb
四湖站,08,反2-丁烯,0.18,ppb
四湖站,08,1-丁烯,1.81,ppb
四湖站,08,順2-丁烯,0,ppb
四湖站,08,環戊烷,0.42,ppb
四湖站,08,異戊烷,1.44,ppb
四湖站,08,正戊烷,0.78,ppb
四湖站,08,反2-戊烯,0.11,ppb
四湖站,08,1-戊烯,0,ppb
四湖站,08,順2-戊烯,0,ppb
四湖站,08,"2,2-二甲基丁烷",0.09,ppb
四湖站,08,"2,3-二甲基丁烷",0,ppb
四湖站,08,2-甲基戊烷,0.57,ppb
四湖站,08,3-甲基戊烷,0.36,ppb
四湖站,08,異戊二烯,2.58,ppb
四湖站,08,正己烷,0.31,ppb
四湖站,08,甲基環戊烷,0,ppb
四湖站,08,"2,4-二甲基戊烷",0,ppb
四湖站,08,苯,0.57,ppb
四湖站,08,環己烷,0,ppb
四湖站,08,2-甲基己烷,0.22,ppb
四湖站,08,"2,3-二甲基戊烷",0,ppb
四湖站,08,3-甲基己烷,0.39,ppb
四湖站,08,"2,2,4-三甲基戊烷",0.58,ppb
四湖站,08,正庚烷,0.22,ppb
四湖站,08,甲基環己烷,0,ppb
四湖站,08,"2,3,4-三甲基戊烷",0.23,ppb
四湖站,08,甲苯,2.52,ppb
四湖站,08,2-甲基庚烷,0,ppb
四湖站,08,3-甲基庚烷,0,ppb
四湖站,08,正辛烷,0,ppb
四湖站,08,乙苯,0.39,ppb
四湖站,08,"間,對二甲苯",1.38,ppb
四湖站,08,苯乙烯,0,ppb
四湖站,08,鄰二甲苯,0.6,ppb
四湖站,08,正壬烷,0,ppb
四湖站,08,異丙基苯,0,ppb
四湖站,08,正丙基苯,0,ppb
四湖站,08,間-乙基甲苯,0.35,ppb
四湖站,08,對-乙基甲苯,0,ppb
四湖站,08,"1,3,5-三甲基苯",0,ppb
四湖站,08,鄰-乙基甲苯,0.22,ppb
四湖站,08,"1,2,4-三甲基苯",0.73,ppb
四湖站,08,葵烷,0,ppb
四湖站,08,"1,2,3-三甲基苯",0.32,ppb
四湖站,08,間-二乙基苯,0,ppb
四湖站,08,對-二乙基苯,0,ppbv
四湖站,08,正十一烷,0.1,ppbv
東勢站,08,乙烷,0.85,ppb
東勢站,08,乙烯,1.27,ppb
東勢站,08,丙烷,2.05,ppb
東勢站,08,丙烯,1.03,ppb
東勢站,08,異丁烷,2.25,ppb
東勢站,08,正丁烷,4.57,ppb
東勢站,08,乙炔,7.22,ppb
東勢站,08,反2-丁烯,0.8,ppb
東勢站,08,1-丁烯,0.85,ppb
東勢站,08,順2-丁烯,0.39,ppb
東勢站,08,環戊烷,0,ppb
東勢站,08,異戊烷,5.19,ppb
東勢站,08,正戊烷,2.3,ppb
東勢站,08,反2-戊烯,0.83,ppb
東勢站,08,1-戊烯,0.36,ppb
東勢站,08,順2-戊烯,0.43,ppb
東勢站,08,"2,2-二甲基丁烷",0.15,ppb
東勢站,08,"2,3-二甲基丁烷",0.88,ppb
東勢站,08,2-甲基戊烷,0.71,ppb
東勢站,08,3-甲基戊烷,0,ppb
東勢站,08,異戊二烯,2.64,ppb
東勢站,08,正己烷,0.37,ppb
東勢站,08,甲基環戊烷,0,ppb
東勢站,08,"2,4-二甲基戊烷",0,ppb
東勢站,08,苯,0.63,ppb
東勢站,08,環己烷,0,ppb
東勢站,08,2-甲基己烷,0.22,ppb
東勢站,08,"2,3-二甲基戊烷",0,ppb
東勢站,08,3-甲基己烷,0.78,ppb
東勢站,08,"2,2,4-三甲基戊烷",1.54,ppb
東勢站,08,正庚烷,0.61,ppb
東勢站,08,甲基環己烷,0,ppb
東勢站,08,"2,3,4-三甲基戊烷",0.74,ppb
東勢站,08,甲苯,4.79,ppb
東勢站,08,2-甲基庚烷,0.23,ppb
東勢站,08,3-甲基庚烷,0.3,ppb
東勢站,08,正辛烷,0.34,ppb
東勢站,08,乙苯,0.88,ppb
東勢站,08,"間,對二甲苯",3.62,ppb
東勢站,08,苯乙烯,0,ppb
東勢站,08,鄰二甲苯,1.43,ppb
東勢站,08,正壬烷,0.13,ppb
東勢站,08,異丙基苯,0,ppb
東勢站,08,正丙基苯,0.4,ppb
東勢站,08,間-乙基甲苯,1.37,ppb
東勢站,08,對-乙基甲苯,0.77,ppb
東勢站,08,"1,3,5-三甲基苯",0.53,ppb
東勢站,08,鄰-乙基甲苯,0.61,ppb
東勢站,08,"1,2,4-三甲基苯",2.56,ppb
東勢站,08,葵烷,0.1,ppb
東勢站,08,"1,2,3-三甲基苯",0.86,ppb
東勢站,08,間-二乙基苯,0.22,ppb
東勢站,08,對-二乙基苯,0.42,ppbv
東勢站,08,正十一烷,0,ppbv
麥寮站,08,乙烷,0.77,ppb
麥寮站,08,乙烯,0.49,ppb
麥寮站,08,丙烷,1.84,ppb
麥寮站,08,丙烯,0.66,ppb
麥寮站,08,異丁烷,1.41,ppb
麥寮站,08,正丁烷,2.29,ppb
麥寮站,08,乙炔,5.13,ppb
麥寮站,08,反2-丁烯,0,ppb
麥寮站,08,1-丁烯,0.61,ppb
麥寮站,08,順2-丁烯,0,ppb
麥寮站,08,環戊烷,0,ppb
麥寮站,08,異戊烷,1.67,ppb
麥寮站,08,正戊烷,0.87,ppb
麥寮站,08,反2-戊烯,0,ppb
麥寮站,08,1-戊烯,0,ppb
麥寮站,08,順2-戊烯,0,ppb
麥寮站,08,"2,2-二甲基丁烷",0,ppb
麥寮站,08,"2,3-二甲基丁烷",0.14,ppb
麥寮站,08,2-甲基戊烷,0.32,ppb
麥寮站,08,3-甲基戊烷,0.2,ppb
麥寮站,08,異戊二烯,3.33,ppb
麥寮站,08,正己烷,0.33,ppb
麥寮站,08,甲基環戊烷,0,ppb
麥寮站,08,"2,4-二甲基戊烷",0,ppb
麥寮站,08,苯,0.48,ppb
麥寮站,08,環己烷,0.15,ppb
麥寮站,08,2-甲基己烷,0.37,ppb
麥寮站,08,"2,3-二甲基戊烷",0.15,ppb
麥寮站,08,3-甲基己烷,0.3,ppb
麥寮站,08,"2,2,4-三甲基戊烷",0.52,ppb
麥寮站,08,正庚烷,0.19,ppb
麥寮站,08,甲基環己烷,0,ppb
麥寮站,08,"2,3,4-三甲基戊烷",0.21,ppb
麥寮站,08,甲苯,3.69,ppb
麥寮站,08,2-甲基庚烷,0,ppb
麥寮站,08,3-甲基庚烷,0.05,ppb
麥寮站,08,正辛烷,0.15,ppb
麥寮站,08,乙苯,0.48,ppb
麥寮站,08,"間,對二甲苯",1.47,ppb
麥寮站,08,苯乙烯,0,ppb
麥寮站,08,鄰二甲苯,0.44,ppb
麥寮站,08,正壬烷,0,ppb
麥寮站,08,異丙基苯,0,ppb
麥寮站,08,正丙基苯,0.03,ppb
麥寮站,08,間-乙基甲苯,0.58,ppb
麥寮站,08,對-乙基甲苯,0.41,ppb
麥寮站,08,"1,3,5-三甲基苯",0.16,ppb
麥寮站,08,鄰-乙基甲苯,0.27,ppb
麥寮站,08,"1,2,4-三甲基苯",0.99,ppb
麥寮站,08,葵烷,0.02,ppb
麥寮站,08,"1,2,3-三甲基苯",0.42,ppb
麥寮站,08,間-二乙基苯,0.03,ppb
麥寮站,08,對-二乙基苯,0.03,ppbv
麥寮站,08,正十一烷,0.11,ppbv
台西站,08,乙烷,1.01,ppb
台西站,08,乙烯,0.85,ppb
台西站,08,丙烷,1.94,ppb
台西站,08,丙烯,0.5,ppb
台西站,08,異丁烷,1.46,ppb
台西站,08,正丁烷,2.44,ppb
台西站,08,乙炔,3.82,ppb
台西站,08,反2-丁烯,0.22,ppb
台西站,08,1-丁烯,0.6,ppb
台西站,08,順2-丁烯,0,ppb
台西站,08,環戊烷,0,ppb
台西站,08,異戊烷,0,ppb
台西站,08,正戊烷,0,ppb
台西站,08,反2-戊烯,0,ppb
台西站,08,1-戊烯,0,ppb
台西站,08,順2-戊烯,0,ppb
台西站,08,"2,2-二甲基丁烷",0,ppb
台西站,08,"2,3-二甲基丁烷",0,ppb
台西站,08,2-甲基戊烷,0,ppb
台西站,08,3-甲基戊烷,0,ppb
台西站,08,異戊二烯,0,ppb
台西站,08,正己烷,0,ppb
台西站,08,甲基環戊烷,0,ppb
台西站,08,"2,4-二甲基戊烷",0,ppb
台西站,08,苯,0,ppb
台西站,08,環己烷,0.02,ppb
台西站,08,2-甲基己烷,0,ppb
台西站,08,"2,3-二甲基戊烷",0,ppb
台西站,08,3-甲基己烷,0,ppb
台西站,08,"2,2,4-三甲基戊烷",0.1,ppb
台西站,08,正庚烷,0,ppb
台西站,08,甲基環己烷,0,ppb
台西站,08,"2,3,4-三甲基戊烷",0,ppb
台西站,08,甲苯,2.64,ppb
台西站,08,2-甲基庚烷,0,ppb
台西站,08,3-甲基庚烷,0,ppb
台西站,08,正辛烷,0,ppb
台西站,08,乙苯,0,ppb
台西站,08,"間,對二甲苯",0,ppb
台西站,08,苯乙烯,0,ppb
台西站,08,鄰二甲苯,0,ppb
台西站,08,正壬烷,0,ppb
台西站,08,異丙基苯,0,ppb
台西站,08,正丙基苯,0,ppb
台西站,08,間-乙基甲苯,0,ppb
台西站,08,對-乙基甲苯,0,ppb
台西站,08,"1,3,5-三甲基苯",0,ppb
台西站,08,鄰-乙基甲苯,0,ppb
台西站,08,"1,2,4-三甲基苯",0,ppb
台西站,08,葵烷,0,ppb
台西站,08,"1,2,3-三甲基苯",0,ppb
台西站,08,間-二乙基苯,0,ppb
台西站,08,對-二乙基苯,0,ppbv
台西站,08,正十一烷,0,ppbv
土庫站,08,乙烷,1.25,ppb
土庫站,08,乙烯,2.17,ppb
土庫站,08,丙烷,2.72,ppb
土庫站,08,丙烯,0.72,ppb
土庫站,08,異丁烷,2,ppb
土庫站,08,正丁烷,3,ppb
土庫站,08,乙炔,7.7,ppb
土庫站,08,反2-丁烯,0.34,ppb
土庫站,08,1-丁烯,0.55,ppb
土庫站,08,順2-丁烯,0.26,ppb
土庫站,08,環戊烷,0.55,ppb
土庫站,08,異戊烷,2.17,ppb
土庫站,08,正戊烷,1.36,ppb
土庫站,08,反2-戊烯,0.28,ppb
土庫站,08,1-戊烯,0,ppb
土庫站,08,順2-戊烯,0.05,ppb
土庫站,08,"2,2-二甲基丁烷",0.1,ppb
土庫站,08,"2,3-二甲基丁烷",0.2,ppb
土庫站,08,2-甲基戊烷,0.63,ppb
土庫站,08,3-甲基戊烷,0.33,ppb
土庫站,08,異戊二烯,1.72,ppb
土庫站,08,正己烷,0,ppb
土庫站,08,甲基環戊烷,0,ppb
土庫站,08,"2,4-二甲基戊烷",0,ppb
土庫站,08,苯,0,ppb
土庫站,08,環己烷,0,ppb
土庫站,08,2-甲基己烷,0,ppb
土庫站,08,"2,3-二甲基戊烷",0,ppb
土庫站,08,3-甲基己烷,0,ppb
土庫站,08,"2,2,4-三甲基戊烷",0,ppb
土庫站,08,正庚烷,0,ppb
土庫站,08,甲基環己烷,0,ppb
土庫站,08,"2,3,4-三甲基戊烷",0,ppb
土庫站,08,甲苯,2.3,ppb
土庫站,08,2-甲基庚烷,0,ppb
土庫站,08,3-甲基庚烷,0,ppb
土庫站,08,正辛烷,0,ppb
土庫站,08,乙苯,0,ppb
土庫站,08,"間,對二甲苯",1.45,ppb
土庫站,08,苯乙烯,0,ppb
土庫站,08,鄰二甲苯,0.5,ppb
土庫站,08,正壬烷,0,ppb
土庫站,08,異丙基苯,0,ppb
土庫站,08,正丙基苯,0.18,ppb
土庫站,08,間-乙基甲苯,0.58,ppb
土庫站,08,對-乙基甲苯,0,ppb
土庫站,08,"1,3,5-三甲基苯",0,ppb
土庫站,08,鄰-乙基甲苯,0.29,ppb
土庫站,08,"1,2,4-三甲基苯",1.53,ppb
土庫站,08,葵烷,0,ppb
土庫站,08,"1,2,3-三甲基苯",0.68,ppb
土庫站,08,間-二乙基苯,0.22,ppb
土庫站,08,對-二乙基苯,0.27,ppbv
土庫站,08,正十一烷,0,ppbv
西螺站,08,乙烷,0.85,ppb
西螺站,08,乙烯,1.22,ppb
西螺站,08,丙烷,1.45,ppb
西螺站,08,丙烯,0.82,ppb
西螺站,08,異丁烷,1.13,ppb
西螺站,08,正丁烷,2.08,ppb
西螺站,08,乙炔,1.68,ppb
西螺站,08,反2-丁烯,0.31,ppb
西螺站,08,1-丁烯,0.35,ppb
西螺站,08,順2-丁烯,0,ppb
西螺站,08,環戊烷,0.39,ppb
西螺站,08,異戊烷,2.22,ppb
西螺站,08,正戊烷,0.96,ppb
西螺站,08,反2-戊烯,0.22,ppb
西螺站,08,1-戊烯,0,ppb
西螺站,08,順2-戊烯,0,ppb
西螺站,08,"2,2-二甲基丁烷",0,ppb
西螺站,08,"2,3-二甲基丁烷",0.25,ppb
西螺站,08,2-甲基戊烷,0.5,ppb
西螺站,08,3-甲基戊烷,0.35,ppb
西螺站,08,異戊二烯,2.71,ppb
西螺站,08,正己烷,0.07,ppb
西螺站,08,甲基環戊烷,0.19,ppb
西螺站,08,"2,4-二甲基戊烷",0,ppb
西螺站,08,苯,0.21,ppb
西螺站,08,環己烷,0,ppb
西螺站,08,2-甲基己烷,0.21,ppb
西螺站,08,"2,3-二甲基戊烷",0,ppb
西螺站,08,3-甲基己烷,0.09,ppb
西螺站,08,"2,2,4-三甲基戊烷",0.76,ppb
西螺站,08,正庚烷,0.19,ppb
西螺站,08,甲基環己烷,0.15,ppb
西螺站,08,"2,3,4-三甲基戊烷",0.3,ppb
西螺站,08,甲苯,2.14,ppb
西螺站,08,2-甲基庚烷,0,ppb
西螺站,08,3-甲基庚烷,0.14,ppb
西螺站,08,正辛烷,0,ppb
西螺站,08,乙苯,0.31,ppb
西螺站,08,"間,對二甲苯",0.95,ppb
西螺站,08,苯乙烯,0.01,ppb
西螺站,08,鄰二甲苯,0.45,ppb
西螺站,08,正壬烷,0.01,ppb
西螺站,08,異丙基苯,0.03,ppb
西螺站,08,正丙基苯,0.07,ppb
西螺站,08,間-乙基甲苯,0.6,ppb
西螺站,08,對-乙基甲苯,0.3,ppb
西螺站,08,"1,3,5-三甲基苯",0.06,ppb
西螺站,08,鄰-乙基甲苯,0.31,ppb
西螺站,08,"1,2,4-三甲基苯",1.35,ppb
西螺站,08,葵烷,0.01,ppb
西螺站,08,"1,2,3-三甲基苯",0.66,ppb
西螺站,08,間-二乙基苯,0.01,ppb
西螺站,08,對-二乙基苯,0.04,ppbv
西螺站,08,正十一烷,0.06,ppbv
大城站,09,乙烷,1.79,ppb
大城站,09,乙烯,1.44,ppb
大城站,09,丙烷,2.77,ppb
大城站,09,丙烯,0,ppb
大城站,09,異丁烷,1.65,ppb
大城站,09,正丁烷,3.14,ppb
大城站,09,乙炔,4.32,ppb
大城站,09,反2-丁烯,0,ppb
大城站,09,1-丁烯,0.33,ppb
大城站,09,順2-丁烯,0,ppb
大城站,09,環戊烷,0,ppb
大城站,09,異戊烷,2.86,ppb
大城站,09,正戊烷,2.22,ppb
大城站,09,反2-戊烯,0,ppb
大城站,09,1-戊烯,0,ppb
大城站,09,順2-戊烯,0.07,ppb
大城站,09,"2,2-二甲基丁烷",0,ppb
大城站,09,"2,3-二甲基丁烷",0.21,ppb
大城站,09,2-甲基戊烷,0.74,ppb
大城站,09,3-甲基戊烷,0.48,ppb
大城站,09,異戊二烯,7.77,ppb
大城站,09,正己烷,0,ppb
大城站,09,甲基環戊烷,0,ppb
大城站,09,"2,4-二甲基戊烷",0,ppb
大城站,09,苯,0,ppb
大城站,09,環己烷,0,ppb
大城站,09,2-甲基己烷,0,ppb
大城站,09,"2,3-二甲基戊烷",0,ppb
大城站,09,3-甲基己烷,0,ppb
大城站,09,"2,2,4-三甲基戊烷",0,ppb
大城站,09,正庚烷,0,ppb
大城站,09,甲基環己烷,0,ppb
大城站,09,"2,3,4-三甲基戊烷",0,ppb
大城站,09,甲苯,4.38,ppb
大城站,09,2-甲基庚烷,0,ppb
大城站,09,3-甲基庚烷,0,ppb
大城站,09,正辛烷,0,ppb
大城站,09,乙苯,0.41,ppb
大城站,09,"間,對二甲苯",1.89,ppb
大城站,09,苯乙烯,0,ppb
大城站,09,鄰二甲苯,0.64,ppb
大城站,09,正壬烷,0,ppb
大城站,09,異丙基苯,0,ppb
大城站,09,正丙基苯,0,ppb
大城站,09,間-乙基甲苯,0.4,ppb
大城站,09,對-乙基甲苯,0,ppb
大城站,09,"1,3,5-三甲基苯",0,ppb
大城站,09,鄰-乙基甲苯,0.18,ppb
大城站,09,"1,2,4-三甲基苯",0.96,ppb
大城站,09,葵烷,0,ppb
大城站,09,"1,2,3-三甲基苯",0,ppb
大城站,09,間-二乙基苯,0,ppb
大城站,09,對-二乙基苯,0,ppbv
大城站,09,正十一烷,0,ppbv
東石站,09,乙烷,0.92,ppb
東石站,09,乙烯,0.82,ppb
東石站,09,丙烷,0.92,ppb
東石站,09,丙烯,0,ppb
東石站,09,異丁烷,0.72,ppb
東石站,09,正丁烷,0.97,ppb
東石站,09,乙炔,1.43,ppb
東石站,09,反2-丁烯,0,ppb
東石站,09,1-丁烯,0.58,ppb
東石站,09,順2-丁烯,0,ppb
東石站,09,環戊烷,0,ppb
東石站,09,異戊烷,1.01,ppb
東石站,09,正戊烷,0.28,ppb
東石站,09,反2-戊烯,0,ppb
東石站,09,1-戊烯,0,ppb
東石站,09,順2-戊烯,0,ppb
東石站,09,"2,2-二甲基丁烷",0,ppb
東石站,09,"2,3-二甲基丁烷",0,ppb
東石站,09,2-甲基戊烷,0,ppb
東石站,09,3-甲基戊烷,0,ppb
東石站,09,異戊二烯,1.25,ppb
東石站,09,正己烷,0,ppb
東石站,09,甲基環戊烷,0,ppb
東石站,09,"2,4-二甲基戊烷",0,ppb
東石站,09,苯,0,ppb
東石站,09,環己烷,0,ppb
東石站,09,2-甲基己烷,0,ppb
東石站,09,"2,3-二甲基戊烷",0,ppb
東石站,09,3-甲基己烷,0,ppb
東石站,09,"2,2,4-三甲基戊烷",0,ppb
東石站,09,正庚烷,0,ppb
東石站,09,甲基環己烷,0,ppb
東石站,09,"2,3,4-三甲基戊烷",0,ppb
東石站,09,甲苯,1.04,ppb
東石站,09,2-甲基庚烷,0,ppb
東石站,09,3-甲基庚烷,0,ppb
東石站,09,正辛烷,0,ppb
東石站,09,乙苯,0,ppb
東石站,09,"間,對二甲苯",0,ppb
東石站,09,苯乙烯,0,ppb
東石站,09,鄰二甲苯,0,ppb
東石站,09,正壬烷,0,ppb
東石站,09,異丙基苯,0,ppb
東石站,09,正丙基苯,0,ppb
東石站,09,間-乙基甲苯,0,ppb
東石站,09,對-乙基甲苯,0,ppb
東石站,09,"1,3,5-三甲基苯",0,ppb
東石站,09,鄰-乙基甲苯,0,ppb
東石站,09,"1,2,4-三甲基苯",0.23,ppb
東石站,09,葵烷,0.18,ppb
東石站,09,"1,2,3-三甲基苯",0,ppb
東石站,09,間-二乙基苯,0,ppb
東石站,09,對-二乙基苯,0,ppbv
東石站,09,正十一烷,0,ppbv
褒忠站,09,乙烷,---,ppb
褒忠站,09,乙烯,---,ppb
褒忠站,09,丙烷,---,ppb
褒忠站,09,丙烯,---,ppb
褒忠站,09,異丁烷,---,ppb
褒忠站,09,正丁烷,---,ppb
褒忠站,09,乙炔,---,ppb
褒忠站,09,反2-丁烯,---,ppb
褒忠站,09,1-丁烯,---,ppb
褒忠站,09,順2-丁烯,---,ppb
褒忠站,09,環戊烷,---,ppb
褒忠站,09,異戊烷,---,ppb
褒忠站,09,正戊烷,---,ppb
褒忠站,09,反2-戊烯,---,ppb
褒忠站,09,1-戊烯,---,ppb
褒忠站,09,順2-戊烯,---,ppb
褒忠站,09,"2,2-二甲基丁烷",---,ppb
褒忠站,09,"2,3-二甲基丁烷",---,ppb
褒忠站,09,2-甲基戊烷,---,ppb
褒忠站,09,3-甲基戊烷,---,ppb
褒忠站,09,異戊二烯,---,ppb
褒忠站,09,正己烷,---,ppb
褒忠站,09,甲基環戊烷,---,ppb
褒忠站,09,"2,4-二甲基戊烷",---,ppb
褒忠站,09,苯,---,ppb
褒忠站,09,環己烷,---,ppb
褒忠站,09,2-甲基己烷,---,ppb
褒忠站,09,"2,3-二甲基戊烷",---,ppb
褒忠站,09,3-甲基己烷,---,ppb
褒忠站,09,"2,2,4-三甲基戊烷",---,ppb
褒忠站,09,正庚烷,---,ppb
褒忠站,09,甲基環己烷,---,ppb
褒忠站,09,"2,3,4-三甲基戊烷",---,ppb
褒忠站,09,甲苯,---,ppb
褒忠站,09,2-甲基庚烷,---,ppb
褒忠站,09,3-甲基庚烷,---,ppb
褒忠站,09,正辛烷,---,ppb
褒忠站,09,乙苯,---,ppb
褒忠站,09,"間,對二甲苯",---,ppb
褒忠站,09,苯乙烯,---,ppb
褒忠站,09,鄰二甲苯,---,ppb
褒忠站,09,正壬烷,---,ppb
褒忠站,09,異丙基苯,---,ppb
褒忠站,09,正丙基苯,---,ppb
褒忠站,09,間-乙基甲苯,---,ppb
褒忠站,09,對-乙基甲苯,---,ppb
褒忠站,09,"1,3,5-三甲基苯",---,ppb
褒忠站,09,鄰-乙基甲苯,---,ppb
褒忠站,09,"1,2,4-三甲基苯",---,ppb
褒忠站,09,葵烷,---,ppb
褒忠站,09,"1,2,3-三甲基苯",---,ppb
褒忠站,09,間-二乙基苯,---,ppb
褒忠站,09,對-二乙基苯,---,ppbv
褒忠站,09,正十一烷,---,ppbv
崙背站,09,乙烷,1.13,ppb
崙背站,09,乙烯,0.93,ppb
崙背站,09,丙烷,2.21,ppb
崙背站,09,丙烯,0.38,ppb
崙背站,09,異丁烷,1.66,ppb
崙背站,09,正丁烷,2.7,ppb
崙背站,09,乙炔,2.29,ppb
崙背站,09,反2-丁烯,0.32,ppb
崙背站,09,1-丁烯,0.56,ppb
崙背站,09,順2-丁烯,0,ppb
崙背站,09,環戊烷,0.45,ppb
崙背站,09,異戊烷,2.45,ppb
崙背站,09,正戊烷,1,ppb
崙背站,09,反2-戊烯,0,ppb
崙背站,09,1-戊烯,0,ppb
崙背站,09,順2-戊烯,0,ppb
崙背站,09,"2,2-二甲基丁烷",0,ppb
崙背站,09,"2,3-二甲基丁烷",0,ppb
崙背站,09,2-甲基戊烷,0.34,ppb
崙背站,09,3-甲基戊烷,0.23,ppb
崙背站,09,異戊二烯,1.65,ppb
崙背站,09,正己烷,0,ppb
崙背站,09,甲基環戊烷,0,ppb
崙背站,09,"2,4-二甲基戊烷",0,ppb
崙背站,09,苯,0,ppb
崙背站,09,環己烷,0,ppb
崙背站,09,2-甲基己烷,0,ppb
崙背站,09,"2,3-二甲基戊烷",0,ppb
崙背站,09,3-甲基己烷,0,ppb
崙背站,09,"2,2,4-三甲基戊烷",0,ppb
崙背站,09,正庚烷,0,ppb
崙背站,09,甲基環己烷,0,ppb
崙背站,09,"2,3,4-三甲基戊烷",0,ppb
崙背站,09,甲苯,2.35,ppb
崙背站,09,2-甲基庚烷,0,ppb
崙背站,09,3-甲基庚烷,0,ppb
崙背站,09,正辛烷,0,ppb
崙背站,09,乙苯,0,ppb
崙背站,09,"間,對二甲苯",0.64,ppb
崙背站,09,苯乙烯,0,ppb
崙背站,09,鄰二甲苯,0.33,ppb
崙背站,09,正壬烷,0,ppb
崙背站,09,異丙基苯,0,ppb
崙背站,09,正丙基苯,0,ppb
崙背站,09,間-乙基甲苯,0.43,ppb
崙背站,09,對-乙基甲苯,0,ppb
崙背站,09,"1,3,5-三甲基苯",0,ppb
崙背站,09,鄰-乙基甲苯,0,ppb
崙背站,09,"1,2,4-三甲基苯",0.95,ppb
崙背站,09,葵烷,0,ppb
崙背站,09,"1,2,3-三甲基苯",0.37,ppb
崙背站,09,間-二乙基苯,0,ppb
崙背站,09,對-二乙基苯,0,ppbv
崙背站,09,正十一烷,0,ppbv
四湖站,09,乙烷,0.91,ppb
四湖站,09,乙烯,0.63,ppb
四湖站,09,丙烷,1.3,ppb
四湖站,09,丙烯,0.2,ppb
四湖站,09,異丁烷,0.72,ppb
四湖站,09,正丁烷,1.33,ppb
四湖站,09,乙炔,2.25,ppb
四湖站,09,反2-丁烯,0,ppb
四湖站,09,1-丁烯,1.67,ppb
四湖站,09,順2-丁烯,0,ppb
四湖站,09,環戊烷,0.18,ppb
四湖站,09,異戊烷,1.11,ppb
四湖站,09,正戊烷,0.51,ppb
四湖站,09,反2-戊烯,0,ppb
四湖站,09,1-戊烯,0,ppb
四湖站,09,順2-戊烯,0,ppb
四湖站,09,"2,2-二甲基丁烷",0,ppb
四湖站,09,"2,3-二甲基丁烷",0,ppb
四湖站,09,2-甲基戊烷,0.24,ppb
四湖站,09,3-甲基戊烷,0.13,ppb
四湖站,09,異戊二烯,3.35,ppb
四湖站,09,正己烷,0,ppb
四湖站,09,甲基環戊烷,0,ppb
四湖站,09,"2,4-二甲基戊烷",0,ppb
四湖站,09,苯,0.63,ppb
四湖站,09,環己烷,0,ppb
四湖站,09,2-甲基己烷,0,ppb
四湖站,09,"2,3-二甲基戊烷",0,ppb
四湖站,09,3-甲基己烷,0,ppb
四湖站,09,"2,2,4-三甲基戊烷",0,ppb
四湖站,09,正庚烷,0,ppb
四湖站,09,甲基環己烷,0,ppb
四湖站,09,"2,3,4-三甲基戊烷",0,ppb
四湖站,09,甲苯,1.89,ppb
四湖站,09,2-甲基庚烷,0,ppb
四湖站,09,3-甲基庚烷,0,ppb
四湖站,09,正辛烷,0,ppb
四湖站,09,乙苯,0.3,ppb
四湖站,09,"間,對二甲苯",0.76,ppb
四湖站,09,苯乙烯,0,ppb
四湖站,09,鄰二甲苯,0,ppb
四湖站,09,正壬烷,0,ppb
四湖站,09,異丙基苯,0,ppb
四湖站,09,正丙基苯,0,ppb
四湖站,09,間-乙基甲苯,0.11,ppb
四湖站,09,對-乙基甲苯,0,ppb
四湖站,09,"1,3,5-三甲基苯",0,ppb
四湖站,09,鄰-乙基甲苯,0,ppb
四湖站,09,"1,2,4-三甲基苯",0.24,ppb
四湖站,09,葵烷,0,ppb
四湖站,09,"1,2,3-三甲基苯",0,ppb
四湖站,09,間-二乙基苯,0,ppb
四湖站,09,對-二乙基苯,0,ppbv
四湖站,09,正十一烷,0,ppbv
東勢站,09,乙烷,0.65,ppb
東勢站,09,乙烯,0.75,ppb
東勢站,09,丙烷,1,ppb
東勢站,09,丙烯,0.69,ppb
東勢站,09,異丁烷,1.45,ppb
東勢站,09,正丁烷,2.66,ppb
東勢站,09,乙炔,4.18,ppb
東勢站,09,反2-丁烯,0.69,ppb
東勢站,09,1-丁烯,0.61,ppb
東勢站,09,順2-丁烯,0.32,ppb
東勢站,09,環戊烷,0,ppb
東勢站,09,異戊烷,3.41,ppb
東勢站,09,正戊烷,1.5,ppb
東勢站,09,反2-戊烯,0.44,ppb
東勢站,09,1-戊烯,0.29,ppb
東勢站,09,順2-戊烯,0,ppb
東勢站,09,"2,2-二甲基丁烷",0,ppb
東勢站,09,"2,3-二甲基丁烷",0.28,ppb
東勢站,09,2-甲基戊烷,0.63,ppb
東勢站,09,3-甲基戊烷,0.37,ppb
東勢站,09,異戊二烯,2.48,ppb
東勢站,09,正己烷,0,ppb
東勢站,09,甲基環戊烷,0,ppb
東勢站,09,"2,4-二甲基戊烷",0,ppb
東勢站,09,苯,0,ppb
東勢站,09,環己烷,0,ppb
東勢站,09,2-甲基己烷,0,ppb
東勢站,09,"2,3-二甲基戊烷",0,ppb
東勢站,09,3-甲基己烷,0.17,ppb
東勢站,09,"2,2,4-三甲基戊烷",0.45,ppb
東勢站,09,正庚烷,0,ppb
東勢站,09,甲基環己烷,0,ppb
東勢站,09,"2,3,4-三甲基戊烷",0.34,ppb
東勢站,09,甲苯,2.96,ppb
東勢站,09,2-甲基庚烷,0,ppb
東勢站,09,3-甲基庚烷,0,ppb
東勢站,09,正辛烷,0,ppb
東勢站,09,乙苯,0.55,ppb
東勢站,09,"間,對二甲苯",2.08,ppb
東勢站,09,苯乙烯,4.29,ppb
東勢站,09,鄰二甲苯,0.88,ppb
東勢站,09,正壬烷,0,ppb
東勢站,09,異丙基苯,0,ppb
東勢站,09,正丙基苯,0.24,ppb
東勢站,09,間-乙基甲苯,0.76,ppb
東勢站,09,對-乙基甲苯,0.46,ppb
東勢站,09,"1,3,5-三甲基苯",0.34,ppb
東勢站,09,鄰-乙基甲苯,0.31,ppb
東勢站,09,"1,2,4-三甲基苯",1.38,ppb
東勢站,09,葵烷,0,ppb
東勢站,09,"1,2,3-三甲基苯",0.57,ppb
東勢站,09,間-二乙基苯,0.12,ppb
東勢站,09,對-二乙基苯,0.29,ppbv
東勢站,09,正十一烷,0,ppbv
麥寮站,09,乙烷,1.59,ppb
麥寮站,09,乙烯,0.74,ppb
麥寮站,09,丙烷,2.09,ppb
麥寮站,09,丙烯,0.08,ppb
麥寮站,09,異丁烷,1.36,ppb
麥寮站,09,正丁烷,2.11,ppb
麥寮站,09,乙炔,7.37,ppb
麥寮站,09,反2-丁烯,0,ppb
麥寮站,09,1-丁烯,0.67,ppb
麥寮站,09,順2-丁烯,0,ppb
麥寮站,09,環戊烷,0,ppb
麥寮站,09,異戊烷,1.75,ppb
麥寮站,09,正戊烷,1.12,ppb
麥寮站,09,反2-戊烯,0,ppb
麥寮站,09,1-戊烯,0,ppb
麥寮站,09,順2-戊烯,0,ppb
麥寮站,09,"2,2-二甲基丁烷",0,ppb
麥寮站,09,"2,3-二甲基丁烷",0,ppb
麥寮站,09,2-甲基戊烷,0.39,ppb
麥寮站,09,3-甲基戊烷,0.4,ppb
麥寮站,09,異戊二烯,3.97,ppb
麥寮站,09,正己烷,0.13,ppb
麥寮站,09,甲基環戊烷,0.35,ppb
麥寮站,09,"2,4-二甲基戊烷",0,ppb
麥寮站,09,苯,0.73,ppb
麥寮站,09,環己烷,0.14,ppb
麥寮站,09,2-甲基己烷,0,ppb
麥寮站,09,"2,3-二甲基戊烷",0,ppb
麥寮站,09,3-甲基己烷,0.17,ppb
麥寮站,09,"2,2,4-三甲基戊烷",0.41,ppb
麥寮站,09,正庚烷,0.22,ppb
麥寮站,09,甲基環己烷,0.11,ppb
麥寮站,09,"2,3,4-三甲基戊烷",0.21,ppb
麥寮站,09,甲苯,4.62,ppb
麥寮站,09,2-甲基庚烷,0,ppb
麥寮站,09,3-甲基庚烷,0,ppb
麥寮站,09,正辛烷,0.12,ppb
麥寮站,09,乙苯,0.69,ppb
麥寮站,09,"間,對二甲苯",1.73,ppb
麥寮站,09,苯乙烯,0,ppb
麥寮站,09,鄰二甲苯,0.6,ppb
麥寮站,09,正壬烷,0.01,ppb
麥寮站,09,異丙基苯,0,ppb
麥寮站,09,正丙基苯,0.2,ppb
麥寮站,09,間-乙基甲苯,0.38,ppb
麥寮站,09,對-乙基甲苯,0.31,ppb
麥寮站,09,"1,3,5-三甲基苯",0.07,ppb
麥寮站,09,鄰-乙基甲苯,0.19,ppb
麥寮站,09,"1,2,4-三甲基苯",0.57,ppb
麥寮站,09,葵烷,0.03,ppb
麥寮站,09,"1,2,3-三甲基苯",0.25,ppb
麥寮站,09,間-二乙基苯,0,ppb
麥寮站,09,對-二乙基苯,0.09,ppbv
麥寮站,09,正十一烷,0.14,ppbv
台西站,09,乙烷,0.9,ppb
台西站,09,乙烯,0.58,ppb
台西站,09,丙烷,1.39,ppb
台西站,09,丙烯,0.2,ppb
台西站,09,異丁烷,1.09,ppb
台西站,09,正丁烷,1.72,ppb
台西站,09,乙炔,2.54,ppb
台西站,09,反2-丁烯,0.16,ppb
台西站,09,1-丁烯,0.55,ppb
台西站,09,順2-丁烯,0,ppb
台西站,09,環戊烷,0,ppb
台西站,09,異戊烷,1.28,ppb
台西站,09,正戊烷,0.88,ppb
台西站,09,反2-戊烯,0,ppb
台西站,09,1-戊烯,0,ppb
台西站,09,順2-戊烯,0,ppb
台西站,09,"2,2-二甲基丁烷",0,ppb
台西站,09,"2,3-二甲基丁烷",0,ppb
台西站,09,2-甲基戊烷,0.39,ppb
台西站,09,3-甲基戊烷,0.2,ppb
台西站,09,異戊二烯,3.35,ppb
台西站,09,正己烷,0,ppb
台西站,09,甲基環戊烷,0,ppb
台西站,09,"2,4-二甲基戊烷",0,ppb
台西站,09,苯,0,ppb
台西站,09,環己烷,0,ppb
台西站,09,2-甲基己烷,0,ppb
台西站,09,"2,3-二甲基戊烷",0,ppb
台西站,09,3-甲基己烷,0,ppb
台西站,09,"2,2,4-三甲基戊烷",0,ppb
台西站,09,正庚烷,0,ppb
台西站,09,甲基環己烷,0,ppb
台西站,09,"2,3,4-三甲基戊烷",0,ppb
台西站,09,甲苯,1.88,ppb
台西站,09,2-甲基庚烷,0,ppb
台西站,09,3-甲基庚烷,0,ppb
台西站,09,正辛烷,0.02,ppb
台西站,09,乙苯,0.1,ppb
台西站,09,"間,對二甲苯",1.23,ppb
台西站,09,苯乙烯,0,ppb
台西站,09,鄰二甲苯,0.25,ppb
台西站,09,正壬烷,0,ppb
台西站,09,異丙基苯,0,ppb
台西站,09,正丙基苯,0.13,ppb
台西站,09,間-乙基甲苯,0.28,ppb
台西站,09,對-乙基甲苯,0,ppb
台西站,09,"1,3,5-三甲基苯",0,ppb
台西站,09,鄰-乙基甲苯,0,ppb
台西站,09,"1,2,4-三甲基苯",0.42,ppb
台西站,09,葵烷,0,ppb
台西站,09,"1,2,3-三甲基苯",0,ppb
台西站,09,間-二乙基苯,0,ppb
台西站,09,對-二乙基苯,0.04,ppbv
台西站,09,正十一烷,0,ppbv
土庫站,09,乙烷,1.06,ppb
土庫站,09,乙烯,0.9,ppb
土庫站,09,丙烷,1.68,ppb
土庫站,09,丙烯,0.57,ppb
土庫站,09,異丁烷,1.07,ppb
土庫站,09,正丁烷,1.9,ppb
土庫站,09,乙炔,5.05,ppb
土庫站,09,反2-丁烯,0.06,ppb
土庫站,09,1-丁烯,0.41,ppb
土庫站,09,順2-丁烯,0.16,ppb
土庫站,09,環戊烷,0.37,ppb
土庫站,09,異戊烷,1.47,ppb
土庫站,09,正戊烷,0.81,ppb
土庫站,09,反2-戊烯,0.19,ppb
土庫站,09,1-戊烯,0,ppb
土庫站,09,順2-戊烯,0.14,ppb
土庫站,09,"2,2-二甲基丁烷",0,ppb
土庫站,09,"2,3-二甲基丁烷",0.22,ppb
土庫站,09,2-甲基戊烷,0.5,ppb
土庫站,09,3-甲基戊烷,0.28,ppb
土庫站,09,異戊二烯,1.1,ppb
土庫站,09,正己烷,0,ppb
土庫站,09,甲基環戊烷,0,ppb
土庫站,09,"2,4-二甲基戊烷",0,ppb
土庫站,09,苯,0.08,ppb
土庫站,09,環己烷,0,ppb
土庫站,09,2-甲基己烷,0,ppb
土庫站,09,"2,3-二甲基戊烷",0,ppb
土庫站,09,3-甲基己烷,0,ppb
土庫站,09,"2,2,4-三甲基戊烷",0,ppb
土庫站,09,正庚烷,0,ppb
土庫站,09,甲基環己烷,0,ppb
土庫站,09,"2,3,4-三甲基戊烷",0,ppb
土庫站,09,甲苯,2.58,ppb
土庫站,09,2-甲基庚烷,0,ppb
土庫站,09,3-甲基庚烷,0,ppb
土庫站,09,正辛烷,0,ppb
土庫站,09,乙苯,0,ppb
土庫站,09,"間,對二甲苯",0.93,ppb
土庫站,09,苯乙烯,0,ppb
土庫站,09,鄰二甲苯,0.24,ppb
土庫站,09,正壬烷,0,ppb
土庫站,09,異丙基苯,0,ppb
土庫站,09,正丙基苯,0,ppb
土庫站,09,間-乙基甲苯,0.3,ppb
土庫站,09,對-乙基甲苯,0,ppb
土庫站,09,"1,3,5-三甲基苯",0,ppb
土庫站,09,鄰-乙基甲苯,0.16,ppb
土庫站,09,"1,2,4-三甲基苯",0.88,ppb
土庫站,09,葵烷,0,ppb
土庫站,09,"1,2,3-三甲基苯",0.18,ppb
土庫站,09,間-二乙基苯,0,ppb
土庫站,09,對-二乙基苯,0,ppbv
土庫站,09,正十一烷,0,ppbv
西螺站,09,乙烷,0.81,ppb
西螺站,09,乙烯,0.68,ppb
西螺站,09,丙烷,1.28,ppb
西螺站,09,丙烯,0.56,ppb
西螺站,09,異丁烷,0.97,ppb
西螺站,09,正丁烷,1.62,ppb
西螺站,09,乙炔,1.2,ppb
西螺站,09,反2-丁烯,0,ppb
西螺站,09,1-丁烯,0.27,ppb
西螺站,09,順2-丁烯,0,ppb
西螺站,09,環戊烷,0.25,ppb
西螺站,09,異戊烷,1.69,ppb
西螺站,09,正戊烷,0.81,ppb
西螺站,09,反2-戊烯,0,ppb
西螺站,09,1-戊烯,0,ppb
西螺站,09,順2-戊烯,0,ppb
西螺站,09,"2,2-二甲基丁烷",0,ppb
西螺站,09,"2,3-二甲基丁烷",0.14,ppb
西螺站,09,2-甲基戊烷,0.41,ppb
西螺站,09,3-甲基戊烷,0.28,ppb
西螺站,09,異戊二烯,2.54,ppb
西螺站,09,正己烷,0.18,ppb
西螺站,09,甲基環戊烷,0.22,ppb
西螺站,09,"2,4-二甲基戊烷",0.02,ppb
西螺站,09,苯,0.38,ppb
西螺站,09,環己烷,0,ppb
西螺站,09,2-甲基己烷,0.08,ppb
西螺站,09,"2,3-二甲基戊烷",0,ppb
西螺站,09,3-甲基己烷,0,ppb
西螺站,09,"2,2,4-三甲基戊烷",0.32,ppb
西螺站,09,正庚烷,0.02,ppb
西螺站,09,甲基環己烷,0.04,ppb
西螺站,09,"2,3,4-三甲基戊烷",0.17,ppb
西螺站,09,甲苯,2.8,ppb
西螺站,09,2-甲基庚烷,0,ppb
西螺站,09,3-甲基庚烷,0,ppb
西螺站,09,正辛烷,0,ppb
西螺站,09,乙苯,0.34,ppb
西螺站,09,"間,對二甲苯",0.84,ppb
西螺站,09,苯乙烯,0.02,ppb
西螺站,09,鄰二甲苯,0.06,ppb
西螺站,09,正壬烷,0,ppb
西螺站,09,異丙基苯,0,ppb
西螺站,09,正丙基苯,0.11,ppb
西螺站,09,間-乙基甲苯,0.05,ppb
西螺站,09,對-乙基甲苯,0.15,ppb
西螺站,09,"1,3,5-三甲基苯",0.19,ppb
西螺站,09,鄰-乙基甲苯,0.15,ppb
西螺站,09,"1,2,4-三甲基苯",1.24,ppb
西螺站,09,葵烷,0.01,ppb
西螺站,09,"1,2,3-三甲基苯",0.05,ppb
西螺站,09,間-二乙基苯,0.01,ppb
西螺站,09,對-二乙基苯,0.01,ppbv
西螺站,09,正十一烷,0.05,ppbv
大城站,10,乙烷,1.65,ppb
大城站,10,乙烯,0.75,ppb
大城站,10,丙烷,1.92,ppb
大城站,10,丙烯,0,ppb
大城站,10,異丁烷,0.92,ppb
大城站,10,正丁烷,1.46,ppb
大城站,10,乙炔,2.77,ppb
大城站,10,反2-丁烯,0.15,ppb
大城站,10,1-丁烯,0.32,ppb
大城站,10,順2-丁烯,0,ppb
大城站,10,環戊烷,0,ppb
大城站,10,異戊烷,1.12,ppb
大城站,10,正戊烷,0.59,ppb
大城站,10,反2-戊烯,0,ppb
大城站,10,1-戊烯,0,ppb
大城站,10,順2-戊烯,0,ppb
大城站,10,"2,2-二甲基丁烷",0,ppb
大城站,10,"2,3-二甲基丁烷",0.18,ppb
大城站,10,2-甲基戊烷,0.42,ppb
大城站,10,3-甲基戊烷,0.3,ppb
大城站,10,異戊二烯,4.06,ppb
大城站,10,正己烷,0,ppb
大城站,10,甲基環戊烷,0,ppb
大城站,10,"2,4-二甲基戊烷",0,ppb
大城站,10,苯,0,ppb
大城站,10,環己烷,0,ppb
大城站,10,2-甲基己烷,0,ppb
大城站,10,"2,3-二甲基戊烷",0,ppb
大城站,10,3-甲基己烷,0,ppb
大城站,10,"2,2,4-三甲基戊烷",0,ppb
大城站,10,正庚烷,0,ppb
大城站,10,甲基環己烷,0,ppb
大城站,10,"2,3,4-三甲基戊烷",0,ppb
大城站,10,甲苯,2.74,ppb
大城站,10,2-甲基庚烷,0,ppb
大城站,10,3-甲基庚烷,0,ppb
大城站,10,正辛烷,0,ppb
大城站,10,乙苯,0,ppb
大城站,10,"間,對二甲苯",1.35,ppb
大城站,10,苯乙烯,0,ppb
大城站,10,鄰二甲苯,0.3,ppb
大城站,10,正壬烷,0,ppb
大城站,10,異丙基苯,0,ppb
大城站,10,正丙基苯,0,ppb
大城站,10,間-乙基甲苯,0,ppb
大城站,10,對-乙基甲苯,0,ppb
大城站,10,"1,3,5-三甲基苯",0,ppb
大城站,10,鄰-乙基甲苯,0,ppb
大城站,10,"1,2,4-三甲基苯",0,ppb
大城站,10,葵烷,0,ppb
大城站,10,"1,2,3-三甲基苯",0,ppb
大城站,10,間-二乙基苯,0,ppb
大城站,10,對-二乙基苯,0,ppbv
大城站,10,正十一烷,0,ppbv
東石站,10,乙烷,0.85,ppb
東石站,10,乙烯,0.55,ppb
東石站,10,丙烷,0.79,ppb
東石站,10,丙烯,0,ppb
東石站,10,異丁烷,0.75,ppb
東石站,10,正丁烷,1.2,ppb
東石站,10,乙炔,1.31,ppb
東石站,10,反2-丁烯,0,ppb
東石站,10,1-丁烯,0.53,ppb
東石站,10,順2-丁烯,0,ppb
東石站,10,環戊烷,0,ppb
東石站,10,異戊烷,1.07,ppb
東石站,10,正戊烷,0.32,ppb
東石站,10,反2-戊烯,0,ppb
東石站,10,1-戊烯,0,ppb
東石站,10,順2-戊烯,0,ppb
東石站,10,"2,2-二甲基丁烷",0,ppb
東石站,10,"2,3-二甲基丁烷",0,ppb
東石站,10,2-甲基戊烷,0,ppb
東石站,10,3-甲基戊烷,0,ppb
東石站,10,異戊二烯,2.56,ppb
東石站,10,正己烷,0,ppb
東石站,10,甲基環戊烷,0,ppb
東石站,10,"2,4-二甲基戊烷",0,ppb
東石站,10,苯,0,ppb
東石站,10,環己烷,0,ppb
東石站,10,2-甲基己烷,0,ppb
東石站,10,"2,3-二甲基戊烷",0,ppb
東石站,10,3-甲基己烷,0,ppb
東石站,10,"2,2,4-三甲基戊烷",0,ppb
東石站,10,正庚烷,0,ppb
東石站,10,甲基環己烷,0,ppb
東石站,10,"2,3,4-三甲基戊烷",0,ppb
東石站,10,甲苯,1.05,ppb
東石站,10,2-甲基庚烷,0,ppb
東石站,10,3-甲基庚烷,0,ppb
東石站,10,正辛烷,0,ppb
東石站,10,乙苯,0,ppb
東石站,10,"間,對二甲苯",0,ppb
東石站,10,苯乙烯,0,ppb
東石站,10,鄰二甲苯,0,ppb
東石站,10,正壬烷,0,ppb
東石站,10,異丙基苯,0,ppb
東石站,10,正丙基苯,0,ppb
東石站,10,間-乙基甲苯,0,ppb
東石站,10,對-乙基甲苯,0,ppb
東石站,10,"1,3,5-三甲基苯",0,ppb
東石站,10,鄰-乙基甲苯,0,ppb
東石站,10,"1,2,4-三甲基苯",0,ppb
東石站,10,葵烷,0,ppb
東石站,10,"1,2,3-三甲基苯",0,ppb
東石站,10,間-二乙基苯,0,ppb
東石站,10,對-二乙基苯,0,ppbv
東石站,10,正十一烷,0,ppbv
褒忠站,10,乙烷,---,ppb
褒忠站,10,乙烯,---,ppb
褒忠站,10,丙烷,---,ppb
褒忠站,10,丙烯,---,ppb
褒忠站,10,異丁烷,---,ppb
褒忠站,10,正丁烷,---,ppb
褒忠站,10,乙炔,---,ppb
褒忠站,10,反2-丁烯,---,ppb
褒忠站,10,1-丁烯,---,ppb
褒忠站,10,順2-丁烯,---,ppb
褒忠站,10,環戊烷,---,ppb
褒忠站,10,異戊烷,---,ppb
褒忠站,10,正戊烷,---,ppb
褒忠站,10,反2-戊烯,---,ppb
褒忠站,10,1-戊烯,---,ppb
褒忠站,10,順2-戊烯,---,ppb
褒忠站,10,"2,2-二甲基丁烷",---,ppb
褒忠站,10,"2,3-二甲基丁烷",---,ppb
褒忠站,10,2-甲基戊烷,---,ppb
褒忠站,10,3-甲基戊烷,---,ppb
褒忠站,10,異戊二烯,---,ppb
褒忠站,10,正己烷,---,ppb
褒忠站,10,甲基環戊烷,---,ppb
褒忠站,10,"2,4-二甲基戊烷",---,ppb
褒忠站,10,苯,---,ppb
褒忠站,10,環己烷,---,ppb
褒忠站,10,2-甲基己烷,---,ppb
褒忠站,10,"2,3-二甲基戊烷",---,ppb
褒忠站,10,3-甲基己烷,---,ppb
褒忠站,10,"2,2,4-三甲基戊烷",---,ppb
褒忠站,10,正庚烷,---,ppb
褒忠站,10,甲基環己烷,---,ppb
褒忠站,10,"2,3,4-三甲基戊烷",---,ppb
褒忠站,10,甲苯,---,ppb
褒忠站,10,2-甲基庚烷,---,ppb
褒忠站,10,3-甲基庚烷,---,ppb
褒忠站,10,正辛烷,---,ppb
褒忠站,10,乙苯,---,ppb
褒忠站,10,"間,對二甲苯",---,ppb
褒忠站,10,苯乙烯,---,ppb
褒忠站,10,鄰二甲苯,---,ppb
褒忠站,10,正壬烷,---,ppb
褒忠站,10,異丙基苯,---,ppb
褒忠站,10,正丙基苯,---,ppb
褒忠站,10,間-乙基甲苯,---,ppb
褒忠站,10,對-乙基甲苯,---,ppb
褒忠站,10,"1,3,5-三甲基苯",---,ppb
褒忠站,10,鄰-乙基甲苯,---,ppb
褒忠站,10,"1,2,4-三甲基苯",---,ppb
褒忠站,10,葵烷,---,ppb
褒忠站,10,"1,2,3-三甲基苯",---,ppb
褒忠站,10,間-二乙基苯,---,ppb
褒忠站,10,對-二乙基苯,---,ppbv
褒忠站,10,正十一烷,---,ppbv
崙背站,10,乙烷,1.48,ppb
崙背站,10,乙烯,1.42,ppb
崙背站,10,丙烷,3.02,ppb
崙背站,10,丙烯,0.51,ppb
崙背站,10,異丁烷,1.76,ppb
崙背站,10,正丁烷,3.17,ppb
崙背站,10,乙炔,2.71,ppb
崙背站,10,反2-丁烯,0.31,ppb
崙背站,10,1-丁烯,0.48,ppb
崙背站,10,順2-丁烯,0.16,ppb
崙背站,10,環戊烷,0.51,ppb
崙背站,10,異戊烷,2.61,ppb
崙背站,10,正戊烷,1.05,ppb
崙背站,10,反2-戊烯,0.15,ppb
崙背站,10,1-戊烯,0,ppb
崙背站,10,順2-戊烯,0,ppb
崙背站,10,"2,2-二甲基丁烷",0,ppb
崙背站,10,"2,3-二甲基丁烷",0.14,ppb
崙背站,10,2-甲基戊烷,0.48,ppb
崙背站,10,3-甲基戊烷,0.4,ppb
崙背站,10,異戊二烯,1.74,ppb
崙背站,10,正己烷,0,ppb
崙背站,10,甲基環戊烷,0,ppb
崙背站,10,"2,4-二甲基戊烷",0,ppb
崙背站,10,苯,0,ppb
崙背站,10,環己烷,0,ppb
崙背站,10,2-甲基己烷,0,ppb
崙背站,10,"2,3-二甲基戊烷",0,ppb
崙背站,10,3-甲基己烷,0,ppb
崙背站,10,"2,2,4-三甲基戊烷",0,ppb
崙背站,10,正庚烷,0,ppb
崙背站,10,甲基環己烷,0,ppb
崙背站,10,"2,3,4-三甲基戊烷",0,ppb
崙背站,10,甲苯,4.84,ppb
崙背站,10,2-甲基庚烷,0,ppb
崙背站,10,3-甲基庚烷,0,ppb
崙背站,10,正辛烷,0,ppb
崙背站,10,乙苯,0,ppb
崙背站,10,"間,對二甲苯",1.2,ppb
崙背站,10,苯乙烯,0,ppb
崙背站,10,鄰二甲苯,0.56,ppb
崙背站,10,正壬烷,0,ppb
崙背站,10,異丙基苯,0,ppb
崙背站,10,正丙基苯,0,ppb
崙背站,10,間-乙基甲苯,0.26,ppb
崙背站,10,對-乙基甲苯,0,ppb
崙背站,10,"1,3,5-三甲基苯",0,ppb
崙背站,10,鄰-乙基甲苯,0,ppb
崙背站,10,"1,2,4-三甲基苯",0.66,ppb
崙背站,10,葵烷,0,ppb
崙背站,10,"1,2,3-三甲基苯",0,ppb
崙背站,10,間-二乙基苯,0,ppb
崙背站,10,對-二乙基苯,0,ppbv
崙背站,10,正十一烷,0,ppbv
四湖站,10,乙烷,1.75,ppb
四湖站,10,乙烯,0.76,ppb
四湖站,10,丙烷,1.97,ppb
四湖站,10,丙烯,0.3,ppb
四湖站,10,異丁烷,1.21,ppb
四湖站,10,正丁烷,1.87,ppb
四湖站,10,乙炔,2.86,ppb
四湖站,10,反2-丁烯,0,ppb
四湖站,10,1-丁烯,1.74,ppb
四湖站,10,順2-丁烯,0,ppb
四湖站,10,環戊烷,0.41,ppb
四湖站,10,異戊烷,1.63,ppb
四湖站,10,正戊烷,0.93,ppb
四湖站,10,反2-戊烯,0,ppb
四湖站,10,1-戊烯,0,ppb
四湖站,10,順2-戊烯,0,ppb
四湖站,10,"2,2-二甲基丁烷",0,ppb
四湖站,10,"2,3-二甲基丁烷",0.48,ppb
四湖站,10,2-甲基戊烷,0.28,ppb
四湖站,10,3-甲基戊烷,0,ppb
四湖站,10,異戊二烯,7.66,ppb
四湖站,10,正己烷,0.22,ppb
四湖站,10,甲基環戊烷,0,ppb
四湖站,10,"2,4-二甲基戊烷",0,ppb
四湖站,10,苯,0.72,ppb
四湖站,10,環己烷,0,ppb
四湖站,10,2-甲基己烷,0,ppb
四湖站,10,"2,3-二甲基戊烷",0,ppb
四湖站,10,3-甲基己烷,0,ppb
四湖站,10,"2,2,4-三甲基戊烷",0.47,ppb
四湖站,10,正庚烷,0,ppb
四湖站,10,甲基環己烷,0,ppb
四湖站,10,"2,3,4-三甲基戊烷",0,ppb
四湖站,10,甲苯,4.09,ppb
四湖站,10,2-甲基庚烷,0,ppb
四湖站,10,3-甲基庚烷,0,ppb
四湖站,10,正辛烷,0,ppb
四湖站,10,乙苯,0.43,ppb
四湖站,10,"間,對二甲苯",1.19,ppb
四湖站,10,苯乙烯,0,ppb
四湖站,10,鄰二甲苯,0.41,ppb
四湖站,10,正壬烷,0,ppb
四湖站,10,異丙基苯,0,ppb
四湖站,10,正丙基苯,0,ppb
四湖站,10,間-乙基甲苯,0.19,ppb
四湖站,10,對-乙基甲苯,0,ppb
四湖站,10,"1,3,5-三甲基苯",0,ppb
四湖站,10,鄰-乙基甲苯,0,ppb
四湖站,10,"1,2,4-三甲基苯",0,ppb
四湖站,10,葵烷,0,ppb
四湖站,10,"1,2,3-三甲基苯",0.31,ppb
四湖站,10,間-二乙基苯,0,ppb
四湖站,10,對-二乙基苯,0,ppbv
四湖站,10,正十一烷,0.06,ppbv
東勢站,10,乙烷,2,ppb
東勢站,10,乙烯,1.55,ppb
東勢站,10,丙烷,3,ppb
東勢站,10,丙烯,0.68,ppb
東勢站,10,異丁烷,2.39,ppb
東勢站,10,正丁烷,3.86,ppb
東勢站,10,乙炔,10.05,ppb
東勢站,10,反2-丁烯,0.78,ppb
東勢站,10,1-丁烯,0.67,ppb
東勢站,10,順2-丁烯,0.38,ppb
東勢站,10,環戊烷,0,ppb
東勢站,10,異戊烷,4.6,ppb
東勢站,10,正戊烷,2.06,ppb
東勢站,10,反2-戊烯,0.41,ppb
東勢站,10,1-戊烯,0.25,ppb
東勢站,10,順2-戊烯,0.18,ppb
東勢站,10,"2,2-二甲基丁烷",0.14,ppb
東勢站,10,"2,3-二甲基丁烷",0.73,ppb
東勢站,10,2-甲基戊烷,0.58,ppb
東勢站,10,3-甲基戊烷,0,ppb
東勢站,10,異戊二烯,3.71,ppb
東勢站,10,正己烷,0.3,ppb
東勢站,10,甲基環戊烷,0.51,ppb
東勢站,10,"2,4-二甲基戊烷",0,ppb
東勢站,10,苯,1.22,ppb
東勢站,10,環己烷,0.32,ppb
東勢站,10,2-甲基己烷,0.4,ppb
東勢站,10,"2,3-二甲基戊烷",0,ppb
東勢站,10,3-甲基己烷,0.75,ppb
東勢站,10,"2,2,4-三甲基戊烷",1,ppb
東勢站,10,正庚烷,0.43,ppb
東勢站,10,甲基環己烷,0,ppb
東勢站,10,"2,3,4-三甲基戊烷",0.39,ppb
東勢站,10,甲苯,5.32,ppb
東勢站,10,2-甲基庚烷,0,ppb
東勢站,10,3-甲基庚烷,0,ppb
東勢站,10,正辛烷,0,ppb
東勢站,10,乙苯,1.14,ppb
東勢站,10,"間,對二甲苯",2.68,ppb
東勢站,10,苯乙烯,0.93,ppb
東勢站,10,鄰二甲苯,1.05,ppb
東勢站,10,正壬烷,0,ppb
東勢站,10,異丙基苯,0,ppb
東勢站,10,正丙基苯,0.2,ppb
東勢站,10,間-乙基甲苯,0.67,ppb
東勢站,10,對-乙基甲苯,0.4,ppb
東勢站,10,"1,3,5-三甲基苯",0.15,ppb
東勢站,10,鄰-乙基甲苯,0.31,ppb
東勢站,10,"1,2,4-三甲基苯",0.98,ppb
東勢站,10,葵烷,0,ppb
東勢站,10,"1,2,3-三甲基苯",0.49,ppb
東勢站,10,間-二乙基苯,0.05,ppb
東勢站,10,對-二乙基苯,0.08,ppbv
東勢站,10,正十一烷,0.13,ppbv
麥寮站,10,乙烷,1.28,ppb
麥寮站,10,乙烯,0.69,ppb
麥寮站,10,丙烷,0.4,ppb
麥寮站,10,丙烯,0,ppb
麥寮站,10,異丁烷,0.84,ppb
麥寮站,10,正丁烷,1.26,ppb
麥寮站,10,乙炔,7.21,ppb
麥寮站,10,反2-丁烯,0,ppb
麥寮站,10,1-丁烯,0.59,ppb
麥寮站,10,順2-丁烯,0,ppb
麥寮站,10,環戊烷,0,ppb
麥寮站,10,異戊烷,1.16,ppb
麥寮站,10,正戊烷,0.57,ppb
麥寮站,10,反2-戊烯,0,ppb
麥寮站,10,1-戊烯,0,ppb
麥寮站,10,順2-戊烯,0,ppb
麥寮站,10,"2,2-二甲基丁烷",0,ppb
麥寮站,10,"2,3-二甲基丁烷",0,ppb
麥寮站,10,2-甲基戊烷,0.22,ppb
麥寮站,10,3-甲基戊烷,0.32,ppb
麥寮站,10,異戊二烯,6.37,ppb
麥寮站,10,正己烷,0.25,ppb
麥寮站,10,甲基環戊烷,0,ppb
麥寮站,10,"2,4-二甲基戊烷",0,ppb
麥寮站,10,苯,0.79,ppb
麥寮站,10,環己烷,0.39,ppb
麥寮站,10,2-甲基己烷,0.18,ppb
麥寮站,10,"2,3-二甲基戊烷",0,ppb
麥寮站,10,3-甲基己烷,0.22,ppb
麥寮站,10,"2,2,4-三甲基戊烷",0.32,ppb
麥寮站,10,正庚烷,0.2,ppb
麥寮站,10,甲基環己烷,0.05,ppb
麥寮站,10,"2,3,4-三甲基戊烷",0,ppb
麥寮站,10,甲苯,4.96,ppb
麥寮站,10,2-甲基庚烷,0,ppb
麥寮站,10,3-甲基庚烷,0,ppb
麥寮站,10,正辛烷,0,ppb
麥寮站,10,乙苯,0.6,ppb
麥寮站,10,"間,對二甲苯",1.79,ppb
麥寮站,10,苯乙烯,0,ppb
麥寮站,10,鄰二甲苯,0.58,ppb
麥寮站,10,正壬烷,0.01,ppb
麥寮站,10,異丙基苯,0,ppb
麥寮站,10,正丙基苯,0.08,ppb
麥寮站,10,間-乙基甲苯,0.06,ppb
麥寮站,10,對-乙基甲苯,0,ppb
麥寮站,10,"1,3,5-三甲基苯",0.02,ppb
麥寮站,10,鄰-乙基甲苯,0.02,ppb
麥寮站,10,"1,2,4-三甲基苯",0.33,ppb
麥寮站,10,葵烷,0,ppb
麥寮站,10,"1,2,3-三甲基苯",0.21,ppb
麥寮站,10,間-二乙基苯,0,ppb
麥寮站,10,對-二乙基苯,0,ppbv
麥寮站,10,正十一烷,0,ppbv
台西站,10,乙烷,2.49,ppb
台西站,10,乙烯,1.63,ppb
台西站,10,丙烷,1.96,ppb
台西站,10,丙烯,0.59,ppb
台西站,10,異丁烷,1.06,ppb
台西站,10,正丁烷,1.72,ppb
台西站,10,乙炔,3.36,ppb
台西站,10,反2-丁烯,0.23,ppb
台西站,10,1-丁烯,0.53,ppb
台西站,10,順2-丁烯,0,ppb
台西站,10,環戊烷,0.22,ppb
台西站,10,異戊烷,1.48,ppb
台西站,10,正戊烷,0.69,ppb
台西站,10,反2-戊烯,0,ppb
台西站,10,1-戊烯,0,ppb
台西站,10,順2-戊烯,0,ppb
台西站,10,"2,2-二甲基丁烷",0,ppb
台西站,10,"2,3-二甲基丁烷",0.51,ppb
台西站,10,2-甲基戊烷,0.66,ppb
台西站,10,3-甲基戊烷,0,ppb
台西站,10,異戊二烯,3.05,ppb
台西站,10,正己烷,1.34,ppb
台西站,10,甲基環戊烷,0.13,ppb
台西站,10,"2,4-二甲基戊烷",0.02,ppb
台西站,10,苯,0.1,ppb
台西站,10,環己烷,0,ppb
台西站,10,2-甲基己烷,0,ppb
台西站,10,"2,3-二甲基戊烷",0,ppb
台西站,10,3-甲基己烷,0.03,ppb
台西站,10,"2,2,4-三甲基戊烷",0,ppb
台西站,10,正庚烷,0,ppb
台西站,10,甲基環己烷,0,ppb
台西站,10,"2,3,4-三甲基戊烷",0,ppb
台西站,10,甲苯,3.92,ppb
台西站,10,2-甲基庚烷,0,ppb
台西站,10,3-甲基庚烷,0,ppb
台西站,10,正辛烷,0,ppb
台西站,10,乙苯,0.46,ppb
台西站,10,"間,對二甲苯",2.11,ppb
台西站,10,苯乙烯,0,ppb
台西站,10,鄰二甲苯,1.1,ppb
台西站,10,正壬烷,0,ppb
台西站,10,異丙基苯,0,ppb
台西站,10,正丙基苯,0,ppb
台西站,10,間-乙基甲苯,0,ppb
台西站,10,對-乙基甲苯,0,ppb
台西站,10,"1,3,5-三甲基苯",0,ppb
台西站,10,鄰-乙基甲苯,0,ppb
台西站,10,"1,2,4-三甲基苯",0.43,ppb
台西站,10,葵烷,0.15,ppb
台西站,10,"1,2,3-三甲基苯",0.29,ppb
台西站,10,間-二乙基苯,0,ppb
台西站,10,對-二乙基苯,0,ppbv
台西站,10,正十一烷,0,ppbv
土庫站,10,乙烷,1.69,ppb
土庫站,10,乙烯,1.12,ppb
土庫站,10,丙烷,2.5,ppb
土庫站,10,丙烯,0.57,ppb
土庫站,10,異丁烷,1.74,ppb
土庫站,10,正丁烷,3.1,ppb
土庫站,10,乙炔,8.63,ppb
土庫站,10,反2-丁烯,0,ppb
土庫站,10,1-丁烯,0.31,ppb
土庫站,10,順2-丁烯,0,ppb
土庫站,10,環戊烷,0.54,ppb
土庫站,10,異戊烷,2.47,ppb
土庫站,10,正戊烷,1.3,ppb
土庫站,10,反2-戊烯,0,ppb
土庫站,10,1-戊烯,0,ppb
土庫站,10,順2-戊烯,0,ppb
土庫站,10,"2,2-二甲基丁烷",0,ppb
土庫站,10,"2,3-二甲基丁烷",0.29,ppb
土庫站,10,2-甲基戊烷,0.76,ppb
土庫站,10,3-甲基戊烷,0.51,ppb
土庫站,10,異戊二烯,1.48,ppb
土庫站,10,正己烷,0,ppb
土庫站,10,甲基環戊烷,0,ppb
土庫站,10,"2,4-二甲基戊烷",0,ppb
土庫站,10,苯,0.14,ppb
土庫站,10,環己烷,0,ppb
土庫站,10,2-甲基己烷,0,ppb
土庫站,10,"2,3-二甲基戊烷",0,ppb
土庫站,10,3-甲基己烷,0,ppb
土庫站,10,"2,2,4-三甲基戊烷",0,ppb
土庫站,10,正庚烷,0,ppb
土庫站,10,甲基環己烷,0,ppb
土庫站,10,"2,3,4-三甲基戊烷",0,ppb
土庫站,10,甲苯,4.78,ppb
土庫站,10,2-甲基庚烷,0,ppb
土庫站,10,3-甲基庚烷,0,ppb
土庫站,10,正辛烷,0,ppb
土庫站,10,乙苯,0.09,ppb
土庫站,10,"間,對二甲苯",1.29,ppb
土庫站,10,苯乙烯,0,ppb
土庫站,10,鄰二甲苯,0.63,ppb
土庫站,10,正壬烷,0,ppb
土庫站,10,異丙基苯,0,ppb
土庫站,10,正丙基苯,0.15,ppb
土庫站,10,間-乙基甲苯,0,ppb
土庫站,10,對-乙基甲苯,0,ppb
土庫站,10,"1,3,5-三甲基苯",0,ppb
土庫站,10,鄰-乙基甲苯,0,ppb
土庫站,10,"1,2,4-三甲基苯",0.57,ppb
土庫站,10,葵烷,0,ppb
土庫站,10,"1,2,3-三甲基苯",0,ppb
土庫站,10,間-二乙基苯,0,ppb
土庫站,10,對-二乙基苯,0,ppbv
土庫站,10,正十一烷,0,ppbv
西螺站,10,乙烷,1.91,ppb
西螺站,10,乙烯,1.43,ppb
西螺站,10,丙烷,3.03,ppb
西螺站,10,丙烯,0.66,ppb
西螺站,10,異丁烷,2.47,ppb
西螺站,10,正丁烷,4.09,ppb
西螺站,10,乙炔,2.77,ppb
西螺站,10,反2-丁烯,0.17,ppb
西螺站,10,1-丁烯,0.3,ppb
西螺站,10,順2-丁烯,0,ppb
西螺站,10,環戊烷,0.6,ppb
西螺站,10,異戊烷,3.7,ppb
西螺站,10,正戊烷,1.65,ppb
西螺站,10,反2-戊烯,0.14,ppb
西螺站,10,1-戊烯,0,ppb
西螺站,10,順2-戊烯,0,ppb
西螺站,10,"2,2-二甲基丁烷",0,ppb
西螺站,10,"2,3-二甲基丁烷",0.27,ppb
西螺站,10,2-甲基戊烷,0.79,ppb
西螺站,10,3-甲基戊烷,0.56,ppb
西螺站,10,異戊二烯,3.21,ppb
西螺站,10,正己烷,0.75,ppb
西螺站,10,甲基環戊烷,0.43,ppb
西螺站,10,"2,4-二甲基戊烷",0,ppb
西螺站,10,苯,0.69,ppb
西螺站,10,環己烷,0,ppb
西螺站,10,2-甲基己烷,0.33,ppb
西螺站,10,"2,3-二甲基戊烷",0.05,ppb
西螺站,10,3-甲基己烷,0.78,ppb
西螺站,10,"2,2,4-三甲基戊烷",0.83,ppb
西螺站,10,正庚烷,0.32,ppb
西螺站,10,甲基環己烷,0.24,ppb
西螺站,10,"2,3,4-三甲基戊烷",0.37,ppb
西螺站,10,甲苯,8.56,ppb
西螺站,10,2-甲基庚烷,0.19,ppb
西螺站,10,3-甲基庚烷,0.02,ppb
西螺站,10,正辛烷,0.18,ppb
西螺站,10,乙苯,1.05,ppb
西螺站,10,"間,對二甲苯",2.1,ppb
西螺站,10,苯乙烯,0,ppb
西螺站,10,鄰二甲苯,0.96,ppb
西螺站,10,正壬烷,0.04,ppb
西螺站,10,異丙基苯,0.02,ppb
西螺站,10,正丙基苯,0.02,ppb
西螺站,10,間-乙基甲苯,0.25,ppb
西螺站,10,對-乙基甲苯,0.04,ppb
西螺站,10,"1,3,5-三甲基苯",0.02,ppb
西螺站,10,鄰-乙基甲苯,0.06,ppb
西螺站,10,"1,2,4-三甲基苯",0.55,ppb
西螺站,10,葵烷,0.06,ppb
西螺站,10,"1,2,3-三甲基苯",0.22,ppb
西螺站,10,間-二乙基苯,0.02,ppb
西螺站,10,對-二乙基苯,0.02,ppbv
西螺站,10,正十一烷,0.03,ppbv
大城站,11,乙烷,1.19,ppb
大城站,11,乙烯,0,ppb
大城站,11,丙烷,0.15,ppb
大城站,11,丙烯,0,ppb
大城站,11,異丁烷,0.46,ppb
大城站,11,正丁烷,0.46,ppb
大城站,11,乙炔,0,ppb
大城站,11,反2-丁烯,0.1,ppb
大城站,11,1-丁烯,0.29,ppb
大城站,11,順2-丁烯,0,ppb
大城站,11,環戊烷,0,ppb
大城站,11,異戊烷,0.4,ppb
大城站,11,正戊烷,0.17,ppb
大城站,11,反2-戊烯,0,ppb
大城站,11,1-戊烯,0,ppb
大城站,11,順2-戊烯,0,ppb
大城站,11,"2,2-二甲基丁烷",0,ppb
大城站,11,"2,3-二甲基丁烷",0,ppb
大城站,11,2-甲基戊烷,0.09,ppb
大城站,11,3-甲基戊烷,0,ppb
大城站,11,異戊二烯,2.85,ppb
大城站,11,正己烷,0,ppb
大城站,11,甲基環戊烷,0,ppb
大城站,11,"2,4-二甲基戊烷",0,ppb
大城站,11,苯,0,ppb
大城站,11,環己烷,0,ppb
大城站,11,2-甲基己烷,0,ppb
大城站,11,"2,3-二甲基戊烷",0,ppb
大城站,11,3-甲基己烷,0,ppb
大城站,11,"2,2,4-三甲基戊烷",0,ppb
大城站,11,正庚烷,0,ppb
大城站,11,甲基環己烷,0,ppb
大城站,11,"2,3,4-三甲基戊烷",0,ppb
大城站,11,甲苯,0.15,ppb
大城站,11,2-甲基庚烷,0,ppb
大城站,11,3-甲基庚烷,0,ppb
大城站,11,正辛烷,0,ppb
大城站,11,乙苯,0,ppb
大城站,11,"間,對二甲苯",0.42,ppb
大城站,11,苯乙烯,0,ppb
大城站,11,鄰二甲苯,0,ppb
大城站,11,正壬烷,0,ppb
大城站,11,異丙基苯,0,ppb
大城站,11,正丙基苯,0,ppb
大城站,11,間-乙基甲苯,0,ppb
大城站,11,對-乙基甲苯,0,ppb
大城站,11,"1,3,5-三甲基苯",0,ppb
大城站,11,鄰-乙基甲苯,0,ppb
大城站,11,"1,2,4-三甲基苯",0,ppb
大城站,11,葵烷,0,ppb
大城站,11,"1,2,3-三甲基苯",0,ppb
大城站,11,間-二乙基苯,0,ppb
大城站,11,對-二乙基苯,0,ppbv
大城站,11,正十一烷,0,ppbv
東石站,11,乙烷,2.02,ppb
東石站,11,乙烯,0.9,ppb
東石站,11,丙烷,2.15,ppb
東石站,11,丙烯,0.79,ppb
東石站,11,異丁烷,1.43,ppb
東石站,11,正丁烷,3.15,ppb
東石站,11,乙炔,1.24,ppb
東石站,11,反2-丁烯,0,ppb
東石站,11,1-丁烯,0.56,ppb
東石站,11,順2-丁烯,0,ppb
東石站,11,環戊烷,0,ppb
東石站,11,異戊烷,3.18,ppb
東石站,11,正戊烷,0.65,ppb
東石站,11,反2-戊烯,0,ppb
東石站,11,1-戊烯,0,ppb
東石站,11,順2-戊烯,0,ppb
東石站,11,"2,2-二甲基丁烷",0,ppb
東石站,11,"2,3-二甲基丁烷",0.48,ppb
東石站,11,2-甲基戊烷,0.56,ppb
東石站,11,3-甲基戊烷,0,ppb
東石站,11,異戊二烯,6.45,ppb
東石站,11,正己烷,0,ppb
東石站,11,甲基環戊烷,0,ppb
東石站,11,"2,4-二甲基戊烷",0,ppb
東石站,11,苯,0.79,ppb
東石站,11,環己烷,0,ppb
東石站,11,2-甲基己烷,0,ppb
東石站,11,"2,3-二甲基戊烷",0,ppb
東石站,11,3-甲基己烷,0,ppb
東石站,11,"2,2,4-三甲基戊烷",0,ppb
東石站,11,正庚烷,0,ppb
東石站,11,甲基環己烷,0,ppb
東石站,11,"2,3,4-三甲基戊烷",0,ppb
東石站,11,甲苯,1.8,ppb
東石站,11,2-甲基庚烷,0,ppb
東石站,11,3-甲基庚烷,0,ppb
東石站,11,正辛烷,0,ppb
東石站,11,乙苯,0.26,ppb
東石站,11,"間,對二甲苯",0.31,ppb
東石站,11,苯乙烯,0,ppb
東石站,11,鄰二甲苯,0,ppb
東石站,11,正壬烷,0,ppb
東石站,11,異丙基苯,0,ppb
東石站,11,正丙基苯,0,ppb
東石站,11,間-乙基甲苯,0,ppb
東石站,11,對-乙基甲苯,0,ppb
東石站,11,"1,3,5-三甲基苯",0,ppb
東石站,11,鄰-乙基甲苯,0,ppb
東石站,11,"1,2,4-三甲基苯",0,ppb
東石站,11,葵烷,0,ppb
東石站,11,"1,2,3-三甲基苯",0,ppb
東石站,11,間-二乙基苯,0,ppb
東石站,11,對-二乙基苯,0,ppbv
東石站,11,正十一烷,0,ppbv
褒忠站,11,乙烷,---,ppb
褒忠站,11,乙烯,---,ppb
褒忠站,11,丙烷,---,ppb
褒忠站,11,丙烯,---,ppb
褒忠站,11,異丁烷,---,ppb
褒忠站,11,正丁烷,---,ppb
褒忠站,11,乙炔,---,ppb
褒忠站,11,反2-丁烯,---,ppb
褒忠站,11,1-丁烯,---,ppb
褒忠站,11,順2-丁烯,---,ppb
褒忠站,11,環戊烷,---,ppb
褒忠站,11,異戊烷,---,ppb
褒忠站,11,正戊烷,---,ppb
褒忠站,11,反2-戊烯,---,ppb
褒忠站,11,1-戊烯,---,ppb
褒忠站,11,順2-戊烯,---,ppb
褒忠站,11,"2,2-二甲基丁烷",---,ppb
褒忠站,11,"2,3-二甲基丁烷",---,ppb
褒忠站,11,2-甲基戊烷,---,ppb
褒忠站,11,3-甲基戊烷,---,ppb
褒忠站,11,異戊二烯,---,ppb
褒忠站,11,正己烷,---,ppb
褒忠站,11,甲基環戊烷,---,ppb
褒忠站,11,"2,4-二甲基戊烷",---,ppb
褒忠站,11,苯,---,ppb
褒忠站,11,環己烷,---,ppb
褒忠站,11,2-甲基己烷,---,ppb
褒忠站,11,"2,3-二甲基戊烷",---,ppb
褒忠站,11,3-甲基己烷,---,ppb
褒忠站,11,"2,2,4-三甲基戊烷",---,ppb
褒忠站,11,正庚烷,---,ppb
褒忠站,11,甲基環己烷,---,ppb
褒忠站,11,"2,3,4-三甲基戊烷",---,ppb
褒忠站,11,甲苯,---,ppb
褒忠站,11,2-甲基庚烷,---,ppb
褒忠站,11,3-甲基庚烷,---,ppb
褒忠站,11,正辛烷,---,ppb
褒忠站,11,乙苯,---,ppb
褒忠站,11,"間,對二甲苯",---,ppb
褒忠站,11,苯乙烯,---,ppb
褒忠站,11,鄰二甲苯,---,ppb
褒忠站,11,正壬烷,---,ppb
褒忠站,11,異丙基苯,---,ppb
褒忠站,11,正丙基苯,---,ppb
褒忠站,11,間-乙基甲苯,---,ppb
褒忠站,11,對-乙基甲苯,---,ppb
褒忠站,11,"1,3,5-三甲基苯",---,ppb
褒忠站,11,鄰-乙基甲苯,---,ppb
褒忠站,11,"1,2,4-三甲基苯",---,ppb
褒忠站,11,葵烷,---,ppb
褒忠站,11,"1,2,3-三甲基苯",---,ppb
褒忠站,11,間-二乙基苯,---,ppb
褒忠站,11,對-二乙基苯,---,ppbv
褒忠站,11,正十一烷,---,ppbv
崙背站,11,乙烷,1.26,ppb
崙背站,11,乙烯,0.49,ppb
崙背站,11,丙烷,1.5,ppb
崙背站,11,丙烯,0.22,ppb
崙背站,11,異丁烷,0.79,ppb
崙背站,11,正丁烷,1.29,ppb
崙背站,11,乙炔,1.21,ppb
崙背站,11,反2-丁烯,0.25,ppb
崙背站,11,1-丁烯,0.43,ppb
崙背站,11,順2-丁烯,0,ppb
崙背站,11,環戊烷,0.19,ppb
崙背站,11,異戊烷,1.37,ppb
崙背站,11,正戊烷,0.48,ppb
崙背站,11,反2-戊烯,0.13,ppb
崙背站,11,1-戊烯,0,ppb
崙背站,11,順2-戊烯,0,ppb
崙背站,11,"2,2-二甲基丁烷",0,ppb
崙背站,11,"2,3-二甲基丁烷",0,ppb
崙背站,11,2-甲基戊烷,0.21,ppb
崙背站,11,3-甲基戊烷,0.25,ppb
崙背站,11,異戊二烯,1.83,ppb
崙背站,11,正己烷,0,ppb
崙背站,11,甲基環戊烷,0,ppb
崙背站,11,"2,4-二甲基戊烷",0,ppb
崙背站,11,苯,0,ppb
崙背站,11,環己烷,0,ppb
崙背站,11,2-甲基己烷,0,ppb
崙背站,11,"2,3-二甲基戊烷",0,ppb
崙背站,11,3-甲基己烷,0,ppb
崙背站,11,"2,2,4-三甲基戊烷",0,ppb
崙背站,11,正庚烷,0,ppb
崙背站,11,甲基環己烷,0,ppb
崙背站,11,"2,3,4-三甲基戊烷",0,ppb
崙背站,11,甲苯,1.78,ppb
崙背站,11,2-甲基庚烷,0,ppb
崙背站,11,3-甲基庚烷,0,ppb
崙背站,11,正辛烷,0,ppb
崙背站,11,乙苯,0,ppb
崙背站,11,"間,對二甲苯",0.62,ppb
崙背站,11,苯乙烯,0,ppb
崙背站,11,鄰二甲苯,0,ppb
崙背站,11,正壬烷,0,ppb
崙背站,11,異丙基苯,0,ppb
崙背站,11,正丙基苯,0,ppb
崙背站,11,間-乙基甲苯,0,ppb
崙背站,11,對-乙基甲苯,0,ppb
崙背站,11,"1,3,5-三甲基苯",0,ppb
崙背站,11,鄰-乙基甲苯,0,ppb
崙背站,11,"1,2,4-三甲基苯",0.3,ppb
崙背站,11,葵烷,0,ppb
崙背站,11,"1,2,3-三甲基苯",0,ppb
崙背站,11,間-二乙基苯,0,ppb
崙背站,11,對-二乙基苯,0,ppbv
崙背站,11,正十一烷,0,ppbv
四湖站,11,乙烷,3.34,ppb
四湖站,11,乙烯,2.4,ppb
四湖站,11,丙烷,3.76,ppb
四湖站,11,丙烯,2.91,ppb
四湖站,11,異丁烷,2.08,ppb
四湖站,11,正丁烷,4.64,ppb
四湖站,11,乙炔,2.27,ppb
四湖站,11,反2-丁烯,0.2,ppb
四湖站,11,1-丁烯,1.85,ppb
四湖站,11,順2-丁烯,0.18,ppb
四湖站,11,環戊烷,0.38,ppb
四湖站,11,異戊烷,6.15,ppb
四湖站,11,正戊烷,2.72,ppb
四湖站,11,反2-戊烯,0.23,ppb
四湖站,11,1-戊烯,0.24,ppb
四湖站,11,順2-戊烯,0.12,ppb
四湖站,11,"2,2-二甲基丁烷",0.15,ppb
四湖站,11,"2,3-二甲基丁烷",1.5,ppb
四湖站,11,2-甲基戊烷,1.19,ppb
四湖站,11,3-甲基戊烷,0,ppb
四湖站,11,異戊二烯,6.76,ppb
四湖站,11,正己烷,2.58,ppb
四湖站,11,甲基環戊烷,1.17,ppb
四湖站,11,"2,4-二甲基戊烷",0,ppb
四湖站,11,苯,2.47,ppb
四湖站,11,環己烷,0.69,ppb
四湖站,11,2-甲基己烷,0.41,ppb
四湖站,11,"2,3-二甲基戊烷",0,ppb
四湖站,11,3-甲基己烷,0.55,ppb
四湖站,11,"2,2,4-三甲基戊烷",0.3,ppb
四湖站,11,正庚烷,0.75,ppb
四湖站,11,甲基環己烷,0.26,ppb
四湖站,11,"2,3,4-三甲基戊烷",0,ppb
四湖站,11,甲苯,4.17,ppb
四湖站,11,2-甲基庚烷,0,ppb
四湖站,11,3-甲基庚烷,0,ppb
四湖站,11,正辛烷,0.49,ppb
四湖站,11,乙苯,0.9,ppb
四湖站,11,"間,對二甲苯",2.03,ppb
四湖站,11,苯乙烯,0,ppb
四湖站,11,鄰二甲苯,0.84,ppb
四湖站,11,正壬烷,0,ppb
四湖站,11,異丙基苯,0,ppb
四湖站,11,正丙基苯,0,ppb
四湖站,11,間-乙基甲苯,0,ppb
四湖站,11,對-乙基甲苯,0,ppb
四湖站,11,"1,3,5-三甲基苯",0,ppb
四湖站,11,鄰-乙基甲苯,0,ppb
四湖站,11,"1,2,4-三甲基苯",0,ppb
四湖站,11,葵烷,0,ppb
四湖站,11,"1,2,3-三甲基苯",0.31,ppb
四湖站,11,間-二乙基苯,0,ppb
四湖站,11,對-二乙基苯,0,ppbv
四湖站,11,正十一烷,0,ppbv
東勢站,11,乙烷,1.14,ppb
東勢站,11,乙烯,0.57,ppb
東勢站,11,丙烷,1.24,ppb
東勢站,11,丙烯,0,ppb
東勢站,11,異丁烷,1.48,ppb
東勢站,11,正丁烷,2.55,ppb
東勢站,11,乙炔,2.51,ppb
東勢站,11,反2-丁烯,0.67,ppb
東勢站,11,1-丁烯,0.7,ppb
東勢站,11,順2-丁烯,0.36,ppb
東勢站,11,環戊烷,0,ppb
東勢站,11,異戊烷,3.11,ppb
東勢站,11,正戊烷,1.4,ppb
東勢站,11,反2-戊烯,0.41,ppb
東勢站,11,1-戊烯,0.19,ppb
東勢站,11,順2-戊烯,0,ppb
東勢站,11,"2,2-二甲基丁烷",0,ppb
東勢站,11,"2,3-二甲基丁烷",0.23,ppb
東勢站,11,2-甲基戊烷,0.52,ppb
東勢站,11,3-甲基戊烷,0.28,ppb
東勢站,11,異戊二烯,2.61,ppb
東勢站,11,正己烷,0.17,ppb
東勢站,11,甲基環戊烷,0,ppb
東勢站,11,"2,4-二甲基戊烷",0,ppb
東勢站,11,苯,0.6,ppb
東勢站,11,環己烷,0,ppb
東勢站,11,2-甲基己烷,0,ppb
東勢站,11,"2,3-二甲基戊烷",0,ppb
東勢站,11,3-甲基己烷,0,ppb
東勢站,11,"2,2,4-三甲基戊烷",0,ppb
東勢站,11,正庚烷,0,ppb
東勢站,11,甲基環己烷,0,ppb
東勢站,11,"2,3,4-三甲基戊烷",0,ppb
東勢站,11,甲苯,4.25,ppb
東勢站,11,2-甲基庚烷,0,ppb
東勢站,11,3-甲基庚烷,0,ppb
東勢站,11,正辛烷,0,ppb
東勢站,11,乙苯,0.46,ppb
東勢站,11,"間,對二甲苯",1.76,ppb
東勢站,11,苯乙烯,0,ppb
東勢站,11,鄰二甲苯,0.6,ppb
東勢站,11,正壬烷,0,ppb
東勢站,11,異丙基苯,0,ppb
東勢站,11,正丙基苯,0,ppb
東勢站,11,間-乙基甲苯,0.24,ppb
東勢站,11,對-乙基甲苯,0,ppb
東勢站,11,"1,3,5-三甲基苯",0,ppb
東勢站,11,鄰-乙基甲苯,0,ppb
東勢站,11,"1,2,4-三甲基苯",0.6,ppb
東勢站,11,葵烷,0,ppb
東勢站,11,"1,2,3-三甲基苯",0.31,ppb
東勢站,11,間-二乙基苯,0,ppb
東勢站,11,對-二乙基苯,0,ppbv
東勢站,11,正十一烷,0,ppbv
麥寮站,11,乙烷,1.12,ppb
麥寮站,11,乙烯,0.32,ppb
麥寮站,11,丙烷,0.76,ppb
麥寮站,11,丙烯,0,ppb
麥寮站,11,異丁烷,0.34,ppb
麥寮站,11,正丁烷,0.47,ppb
麥寮站,11,乙炔,2.61,ppb
麥寮站,11,反2-丁烯,0,ppb
麥寮站,11,1-丁烯,0.58,ppb
麥寮站,11,順2-丁烯,0,ppb
麥寮站,11,環戊烷,0,ppb
麥寮站,11,異戊烷,0.38,ppb
麥寮站,11,正戊烷,0.18,ppb
麥寮站,11,反2-戊烯,0,ppb
麥寮站,11,1-戊烯,0,ppb
麥寮站,11,順2-戊烯,0,ppb
麥寮站,11,"2,2-二甲基丁烷",0,ppb
麥寮站,11,"2,3-二甲基丁烷",0,ppb
麥寮站,11,2-甲基戊烷,0,ppb
麥寮站,11,3-甲基戊烷,0,ppb
麥寮站,11,異戊二烯,4.53,ppb
麥寮站,11,正己烷,0,ppb
麥寮站,11,甲基環戊烷,0,ppb
麥寮站,11,"2,4-二甲基戊烷",0,ppb
麥寮站,11,苯,0.23,ppb
麥寮站,11,環己烷,0,ppb
麥寮站,11,2-甲基己烷,0,ppb
麥寮站,11,"2,3-二甲基戊烷",0,ppb
麥寮站,11,3-甲基己烷,0.02,ppb
麥寮站,11,"2,2,4-三甲基戊烷",0.07,ppb
麥寮站,11,正庚烷,0,ppb
麥寮站,11,甲基環己烷,0,ppb
麥寮站,11,"2,3,4-三甲基戊烷",0,ppb
麥寮站,11,甲苯,1.48,ppb
麥寮站,11,2-甲基庚烷,0.04,ppb
麥寮站,11,3-甲基庚烷,0.06,ppb
麥寮站,11,正辛烷,0,ppb
麥寮站,11,乙苯,0.31,ppb
麥寮站,11,"間,對二甲苯",0.95,ppb
麥寮站,11,苯乙烯,0,ppb
麥寮站,11,鄰二甲苯,0.41,ppb
麥寮站,11,正壬烷,0,ppb
麥寮站,11,異丙基苯,0.02,ppb
麥寮站,11,正丙基苯,0.12,ppb
麥寮站,11,間-乙基甲苯,0.46,ppb
麥寮站,11,對-乙基甲苯,0.33,ppb
麥寮站,11,"1,3,5-三甲基苯",0.28,ppb
麥寮站,11,鄰-乙基甲苯,0.17,ppb
麥寮站,11,"1,2,4-三甲基苯",0.98,ppb
麥寮站,11,葵烷,0,ppb
麥寮站,11,"1,2,3-三甲基苯",0.26,ppb
麥寮站,11,間-二乙基苯,0,ppb
麥寮站,11,對-二乙基苯,0.02,ppbv
麥寮站,11,正十一烷,0,ppbv
台西站,11,乙烷,3.04,ppb
台西站,11,乙烯,3.38,ppb
台西站,11,丙烷,7.65,ppb
台西站,11,丙烯,5.6,ppb
台西站,11,異丁烷,4.59,ppb
台西站,11,正丁烷,9.24,ppb
台西站,11,乙炔,2.15,ppb
台西站,11,反2-丁烯,0.49,ppb
台西站,11,1-丁烯,0.85,ppb
台西站,11,順2-丁烯,0.34,ppb
台西站,11,環戊烷,0.43,ppb
台西站,11,異戊烷,7.95,ppb
台西站,11,正戊烷,5.29,ppb
台西站,11,反2-戊烯,0.39,ppb
台西站,11,1-戊烯,0.38,ppb
台西站,11,順2-戊烯,0.2,ppb
台西站,11,"2,2-二甲基丁烷",0,ppb
台西站,11,"2,3-二甲基丁烷",0.35,ppb
台西站,11,2-甲基戊烷,2.02,ppb
台西站,11,3-甲基戊烷,1.04,ppb
台西站,11,異戊二烯,3.44,ppb
台西站,11,正己烷,2.4,ppb
台西站,11,甲基環戊烷,0.34,ppb
台西站,11,"2,4-二甲基戊烷",0,ppb
台西站,11,苯,5.41,ppb
台西站,11,環己烷,0.85,ppb
台西站,11,2-甲基己烷,0.21,ppb
台西站,11,"2,3-二甲基戊烷",0,ppb
台西站,11,3-甲基己烷,0,ppb
台西站,11,"2,2,4-三甲基戊烷",0,ppb
台西站,11,正庚烷,0.48,ppb
台西站,11,甲基環己烷,0.26,ppb
台西站,11,"2,3,4-三甲基戊烷",0,ppb
台西站,11,甲苯,2.83,ppb
台西站,11,2-甲基庚烷,0.03,ppb
台西站,11,3-甲基庚烷,0.13,ppb
台西站,11,正辛烷,0.44,ppb
台西站,11,乙苯,1.09,ppb
台西站,11,"間,對二甲苯",4.1,ppb
台西站,11,苯乙烯,0.32,ppb
台西站,11,鄰二甲苯,1.21,ppb
台西站,11,正壬烷,0.37,ppb
台西站,11,異丙基苯,0.97,ppb
台西站,11,正丙基苯,0,ppb
台西站,11,間-乙基甲苯,0.39,ppb
台西站,11,對-乙基甲苯,0,ppb
台西站,11,"1,3,5-三甲基苯",0,ppb
台西站,11,鄰-乙基甲苯,0,ppb
台西站,11,"1,2,4-三甲基苯",0.62,ppb
台西站,11,葵烷,0,ppb
台西站,11,"1,2,3-三甲基苯",0.38,ppb
台西站,11,間-二乙基苯,0,ppb
台西站,11,對-二乙基苯,0.23,ppbv
台西站,11,正十一烷,0,ppbv
土庫站,11,乙烷,2.03,ppb
土庫站,11,乙烯,0.84,ppb
土庫站,11,丙烷,2.32,ppb
土庫站,11,丙烯,0.64,ppb
土庫站,11,異丁烷,1.39,ppb
土庫站,11,正丁烷,2.23,ppb
土庫站,11,乙炔,6.27,ppb
土庫站,11,反2-丁烯,0.26,ppb
土庫站,11,1-丁烯,0.28,ppb
土庫站,11,順2-丁烯,0.19,ppb
土庫站,11,環戊烷,0.42,ppb
土庫站,11,異戊烷,1.71,ppb
土庫站,11,正戊烷,0.96,ppb
土庫站,11,反2-戊烯,0.17,ppb
土庫站,11,1-戊烯,0.1,ppb
土庫站,11,順2-戊烯,0,ppb
土庫站,11,"2,2-二甲基丁烷",0,ppb
土庫站,11,"2,3-二甲基丁烷",0.2,ppb
土庫站,11,2-甲基戊烷,0.65,ppb
土庫站,11,3-甲基戊烷,0.35,ppb
土庫站,11,異戊二烯,2.19,ppb
土庫站,11,正己烷,0,ppb
土庫站,11,甲基環戊烷,0,ppb
土庫站,11,"2,4-二甲基戊烷",0,ppb
土庫站,11,苯,0.33,ppb
土庫站,11,環己烷,0,ppb
土庫站,11,2-甲基己烷,0,ppb
土庫站,11,"2,3-二甲基戊烷",0,ppb
土庫站,11,3-甲基己烷,0.01,ppb
土庫站,11,"2,2,4-三甲基戊烷",0,ppb
土庫站,11,正庚烷,0,ppb
土庫站,11,甲基環己烷,0,ppb
土庫站,11,"2,3,4-三甲基戊烷",0,ppb
土庫站,11,甲苯,8.49,ppb
土庫站,11,2-甲基庚烷,0,ppb
土庫站,11,3-甲基庚烷,0,ppb
土庫站,11,正辛烷,0,ppb
土庫站,11,乙苯,0.26,ppb
土庫站,11,"間,對二甲苯",1.86,ppb
土庫站,11,苯乙烯,0,ppb
土庫站,11,鄰二甲苯,0.74,ppb
土庫站,11,正壬烷,0,ppb
土庫站,11,異丙基苯,0,ppb
土庫站,11,正丙基苯,0,ppb
土庫站,11,間-乙基甲苯,0,ppb
土庫站,11,對-乙基甲苯,0,ppb
土庫站,11,"1,3,5-三甲基苯",0,ppb
土庫站,11,鄰-乙基甲苯,0,ppb
土庫站,11,"1,2,4-三甲基苯",0.54,ppb
土庫站,11,葵烷,0.09,ppb
土庫站,11,"1,2,3-三甲基苯",0,ppb
土庫站,11,間-二乙基苯,0,ppb
土庫站,11,對-二乙基苯,0,ppbv
土庫站,11,正十一烷,0,ppbv
西螺站,11,乙烷,1.43,ppb
西螺站,11,乙烯,0.74,ppb
西螺站,11,丙烷,2.38,ppb
西螺站,11,丙烯,0.34,ppb
西螺站,11,異丁烷,1.5,ppb
西螺站,11,正丁烷,2.51,ppb
西螺站,11,乙炔,1.89,ppb
西螺站,11,反2-丁烯,0,ppb
西螺站,11,1-丁烯,0.28,ppb
西螺站,11,順2-丁烯,0,ppb
西螺站,11,環戊烷,0.43,ppb
西螺站,11,異戊烷,2.35,ppb
西螺站,11,正戊烷,1.01,ppb
西螺站,11,反2-戊烯,0,ppb
西螺站,11,1-戊烯,0,ppb
西螺站,11,順2-戊烯,0,ppb
西螺站,11,"2,2-二甲基丁烷",0,ppb
西螺站,11,"2,3-二甲基丁烷",0.19,ppb
西螺站,11,2-甲基戊烷,0.61,ppb
西螺站,11,3-甲基戊烷,0.47,ppb
西螺站,11,異戊二烯,2.55,ppb
西螺站,11,正己烷,0.44,ppb
西螺站,11,甲基環戊烷,0.18,ppb
西螺站,11,"2,4-二甲基戊烷",0,ppb
西螺站,11,苯,0.34,ppb
西螺站,11,環己烷,0.29,ppb
西螺站,11,2-甲基己烷,0.54,ppb
西螺站,11,"2,3-二甲基戊烷",0.28,ppb
西螺站,11,3-甲基己烷,0.82,ppb
西螺站,11,"2,2,4-三甲基戊烷",0.33,ppb
西螺站,11,正庚烷,0.18,ppb
西螺站,11,甲基環己烷,0.2,ppb
西螺站,11,"2,3,4-三甲基戊烷",0.18,ppb
西螺站,11,甲苯,10.51,ppb
西螺站,11,2-甲基庚烷,0,ppb
西螺站,11,3-甲基庚烷,0,ppb
西螺站,11,正辛烷,0,ppb
西螺站,11,乙苯,0.62,ppb
西螺站,11,"間,對二甲苯",1.03,ppb
西螺站,11,苯乙烯,0.01,ppb
西螺站,11,鄰二甲苯,0.38,ppb
西螺站,11,正壬烷,0.01,ppb
西螺站,11,異丙基苯,0.01,ppb
西螺站,11,正丙基苯,0.05,ppb
西螺站,11,間-乙基甲苯,0.1,ppb
西螺站,11,對-乙基甲苯,0,ppb
西螺站,11,"1,3,5-三甲基苯",0.01,ppb
西螺站,11,鄰-乙基甲苯,0.11,ppb
西螺站,11,"1,2,4-三甲基苯",0.17,ppb
西螺站,11,葵烷,0.01,ppb
西螺站,11,"1,2,3-三甲基苯",0.06,ppb
西螺站,11,間-二乙基苯,0.01,ppb
西螺站,11,對-二乙基苯,0.03,ppbv
西螺站,11,正十一烷,0.03,ppbv
大城站,12,乙烷,1.1,ppb
大城站,12,乙烯,0,ppb
大城站,12,丙烷,0.33,ppb
大城站,12,丙烯,0,ppb
大城站,12,異丁烷,0.26,ppb
大城站,12,正丁烷,0.3,ppb
大城站,12,乙炔,0,ppb
大城站,12,反2-丁烯,0,ppb
大城站,12,1-丁烯,0.24,ppb
大城站,12,順2-丁烯,0,ppb
大城站,12,環戊烷,0.12,ppb
大城站,12,異戊烷,0.26,ppb
大城站,12,正戊烷,0.26,ppb
大城站,12,反2-戊烯,0,ppb
大城站,12,1-戊烯,0,ppb
大城站,12,順2-戊烯,0,ppb
大城站,12,"2,2-二甲基丁烷",0,ppb
大城站,12,"2,3-二甲基丁烷",0,ppb
大城站,12,2-甲基戊烷,0.05,ppb
大城站,12,3-甲基戊烷,0,ppb
大城站,12,異戊二烯,2.85,ppb
大城站,12,正己烷,0,ppb
大城站,12,甲基環戊烷,0,ppb
大城站,12,"2,4-二甲基戊烷",0,ppb
大城站,12,苯,0,ppb
大城站,12,環己烷,0,ppb
大城站,12,2-甲基己烷,0,ppb
大城站,12,"2,3-二甲基戊烷",0,ppb
大城站,12,3-甲基己烷,0,ppb
大城站,12,"2,2,4-三甲基戊烷",0,ppb
大城站,12,正庚烷,0,ppb
大城站,12,甲基環己烷,0,ppb
大城站,12,"2,3,4-三甲基戊烷",0,ppb
大城站,12,甲苯,0,ppb
大城站,12,2-甲基庚烷,0,ppb
大城站,12,3-甲基庚烷,0,ppb
大城站,12,正辛烷,0,ppb
大城站,12,乙苯,0,ppb
大城站,12,"間,對二甲苯",0,ppb
大城站,12,苯乙烯,0,ppb
大城站,12,鄰二甲苯,0,ppb
大城站,12,正壬烷,0,ppb
大城站,12,異丙基苯,0,ppb
大城站,12,正丙基苯,0,ppb
大城站,12,間-乙基甲苯,0,ppb
大城站,12,對-乙基甲苯,0,ppb
大城站,12,"1,3,5-三甲基苯",0,ppb
大城站,12,鄰-乙基甲苯,0,ppb
大城站,12,"1,2,4-三甲基苯",0,ppb
大城站,12,葵烷,0,ppb
大城站,12,"1,2,3-三甲基苯",0,ppb
大城站,12,間-二乙基苯,0,ppb
大城站,12,對-二乙基苯,0,ppbv
大城站,12,正十一烷,0,ppbv
東石站,12,乙烷,1.58,ppb
東石站,12,乙烯,0.53,ppb
東石站,12,丙烷,1.96,ppb
東石站,12,丙烯,0.6,ppb
東石站,12,異丁烷,1.14,ppb
東石站,12,正丁烷,1.67,ppb
東石站,12,乙炔,0,ppb
東石站,12,反2-丁烯,0,ppb
東石站,12,1-丁烯,0.64,ppb
東石站,12,順2-丁烯,0,ppb
東石站,12,環戊烷,0,ppb
東石站,12,異戊烷,1.29,ppb
東石站,12,正戊烷,0.28,ppb
東石站,12,反2-戊烯,0,ppb
東石站,12,1-戊烯,0,ppb
東石站,12,順2-戊烯,0,ppb
東石站,12,"2,2-二甲基丁烷",0,ppb
東石站,12,"2,3-二甲基丁烷",0,ppb
東石站,12,2-甲基戊烷,0.2,ppb
東石站,12,3-甲基戊烷,0.12,ppb
東石站,12,異戊二烯,4.3,ppb
東石站,12,正己烷,0,ppb
東石站,12,甲基環戊烷,0,ppb
東石站,12,"2,4-二甲基戊烷",0,ppb
東石站,12,苯,0,ppb
東石站,12,環己烷,0,ppb
東石站,12,2-甲基己烷,0,ppb
東石站,12,"2,3-二甲基戊烷",0,ppb
東石站,12,3-甲基己烷,0,ppb
東石站,12,"2,2,4-三甲基戊烷",0,ppb
東石站,12,正庚烷,0,ppb
東石站,12,甲基環己烷,0,ppb
東石站,12,"2,3,4-三甲基戊烷",0,ppb
東石站,12,甲苯,0.76,ppb
東石站,12,2-甲基庚烷,0,ppb
東石站,12,3-甲基庚烷,0,ppb
東石站,12,正辛烷,0,ppb
東石站,12,乙苯,0,ppb
東石站,12,"間,對二甲苯",0,ppb
東石站,12,苯乙烯,0,ppb
東石站,12,鄰二甲苯,0,ppb
東石站,12,正壬烷,0,ppb
東石站,12,異丙基苯,0,ppb
東石站,12,正丙基苯,0,ppb
東石站,12,間-乙基甲苯,0,ppb
東石站,12,對-乙基甲苯,0,ppb
東石站,12,"1,3,5-三甲基苯",0,ppb
東石站,12,鄰-乙基甲苯,0,ppb
東石站,12,"1,2,4-三甲基苯",0,ppb
東石站,12,葵烷,0,ppb
東石站,12,"1,2,3-三甲基苯",0,ppb
東石站,12,間-二乙基苯,0,ppb
東石站,12,對-二乙基苯,0,ppbv
東石站,12,正十一烷,0,ppbv
褒忠站,12,乙烷,0.82,ppb
褒忠站,12,乙烯,0,ppb
褒忠站,12,丙烷,0.46,ppb
褒忠站,12,丙烯,0,ppb
褒忠站,12,異丁烷,0,ppb
褒忠站,12,正丁烷,0.28,ppb
褒忠站,12,乙炔,0,ppb
褒忠站,12,反2-丁烯,0,ppb
褒忠站,12,1-丁烯,0.8,ppb
褒忠站,12,順2-丁烯,0,ppb
褒忠站,12,環戊烷,0.42,ppb
褒忠站,12,異戊烷,0.25,ppb
褒忠站,12,正戊烷,0.1,ppb
褒忠站,12,反2-戊烯,0,ppb
褒忠站,12,1-戊烯,0,ppb
褒忠站,12,順2-戊烯,0,ppb
褒忠站,12,"2,2-二甲基丁烷",0,ppb
褒忠站,12,"2,3-二甲基丁烷",0,ppb
褒忠站,12,2-甲基戊烷,0,ppb
褒忠站,12,3-甲基戊烷,0,ppb
褒忠站,12,異戊二烯,0.13,ppb
褒忠站,12,正己烷,0.08,ppb
褒忠站,12,甲基環戊烷,0.04,ppb
褒忠站,12,"2,4-二甲基戊烷",0.05,ppb
褒忠站,12,苯,0.4,ppb
褒忠站,12,環己烷,0,ppb
褒忠站,12,2-甲基己烷,0,ppb
褒忠站,12,"2,3-二甲基戊烷",0.13,ppb
褒忠站,12,3-甲基己烷,0,ppb
褒忠站,12,"2,2,4-三甲基戊烷",0.02,ppb
褒忠站,12,正庚烷,0.02,ppb
褒忠站,12,甲基環己烷,0.05,ppb
褒忠站,12,"2,3,4-三甲基戊烷",0.03,ppb
褒忠站,12,甲苯,0.61,ppb
褒忠站,12,2-甲基庚烷,0.03,ppb
褒忠站,12,3-甲基庚烷,0,ppb
褒忠站,12,正辛烷,0.02,ppb
褒忠站,12,乙苯,0,ppb
褒忠站,12,"間,對二甲苯",0.41,ppb
褒忠站,12,苯乙烯,0.06,ppb
褒忠站,12,鄰二甲苯,0,ppb
褒忠站,12,正壬烷,0,ppb
褒忠站,12,異丙基苯,0.02,ppb
褒忠站,12,正丙基苯,0.04,ppb
褒忠站,12,間-乙基甲苯,0,ppb
褒忠站,12,對-乙基甲苯,0.01,ppb
褒忠站,12,"1,3,5-三甲基苯",0,ppb
褒忠站,12,鄰-乙基甲苯,0.03,ppb
褒忠站,12,"1,2,4-三甲基苯",0.02,ppb
褒忠站,12,葵烷,0.02,ppb
褒忠站,12,"1,2,3-三甲基苯",0.27,ppb
褒忠站,12,間-二乙基苯,0.04,ppb
褒忠站,12,對-二乙基苯,0,ppbv
褒忠站,12,正十一烷,0.06,ppbv
崙背站,12,乙烷,0.93,ppb
崙背站,12,乙烯,0,ppb
崙背站,12,丙烷,1.21,ppb
崙背站,12,丙烯,0,ppb
崙背站,12,異丁烷,0.61,ppb
崙背站,12,正丁烷,0.96,ppb
崙背站,12,乙炔,0.74,ppb
崙背站,12,反2-丁烯,0.27,ppb
崙背站,12,1-丁烯,0.53,ppb
崙背站,12,順2-丁烯,0,ppb
崙背站,12,環戊烷,0.19,ppb
崙背站,12,異戊烷,0.81,ppb
崙背站,12,正戊烷,0.32,ppb
崙背站,12,反2-戊烯,0,ppb
崙背站,12,1-戊烯,0,ppb
崙背站,12,順2-戊烯,0,ppb
崙背站,12,"2,2-二甲基丁烷",0,ppb
崙背站,12,"2,3-二甲基丁烷",0,ppb
崙背站,12,2-甲基戊烷,0.1,ppb
崙背站,12,3-甲基戊烷,0,ppb
崙背站,12,異戊二烯,1.72,ppb
崙背站,12,正己烷,0,ppb
崙背站,12,甲基環戊烷,0,ppb
崙背站,12,"2,4-二甲基戊烷",0,ppb
崙背站,12,苯,0,ppb
崙背站,12,環己烷,0,ppb
崙背站,12,2-甲基己烷,0,ppb
崙背站,12,"2,3-二甲基戊烷",0,ppb
崙背站,12,3-甲基己烷,0,ppb
崙背站,12,"2,2,4-三甲基戊烷",0,ppb
崙背站,12,正庚烷,0,ppb
崙背站,12,甲基環己烷,0,ppb
崙背站,12,"2,3,4-三甲基戊烷",0,ppb
崙背站,12,甲苯,0.26,ppb
崙背站,12,2-甲基庚烷,0,ppb
崙背站,12,3-甲基庚烷,0,ppb
崙背站,12,正辛烷,0,ppb
崙背站,12,乙苯,0,ppb
崙背站,12,"間,對二甲苯",0,ppb
崙背站,12,苯乙烯,0,ppb
崙背站,12,鄰二甲苯,0,ppb
崙背站,12,正壬烷,0,ppb
崙背站,12,異丙基苯,0,ppb
崙背站,12,正丙基苯,0,ppb
崙背站,12,間-乙基甲苯,0,ppb
崙背站,12,對-乙基甲苯,0,ppb
崙背站,12,"1,3,5-三甲基苯",0,ppb
崙背站,12,鄰-乙基甲苯,0,ppb
崙背站,12,"1,2,4-三甲基苯",0,ppb
崙背站,12,葵烷,0,ppb
崙背站,12,"1,2,3-三甲基苯",0,ppb
崙背站,12,間-二乙基苯,0,ppb
崙背站,12,對-二乙基苯,0,ppbv
崙背站,12,正十一烷,0,ppbv
四湖站,12,乙烷,1.67,ppb
四湖站,12,乙烯,1.08,ppb
四湖站,12,丙烷,2.82,ppb
四湖站,12,丙烯,2.66,ppb
四湖站,12,異丁烷,1.48,ppb
四湖站,12,正丁烷,2.85,ppb
四湖站,12,乙炔,1.44,ppb
四湖站,12,反2-丁烯,0,ppb
四湖站,12,1-丁烯,1.68,ppb
四湖站,12,順2-丁烯,0,ppb
四湖站,12,環戊烷,0.26,ppb
四湖站,12,異戊烷,3.82,ppb
四湖站,12,正戊烷,1.36,ppb
四湖站,12,反2-戊烯,0,ppb
四湖站,12,1-戊烯,0,ppb
四湖站,12,順2-戊烯,0,ppb
四湖站,12,"2,2-二甲基丁烷",0,ppb
四湖站,12,"2,3-二甲基丁烷",0.44,ppb
四湖站,12,2-甲基戊烷,0.38,ppb
四湖站,12,3-甲基戊烷,0,ppb
四湖站,12,異戊二烯,3.53,ppb
四湖站,12,正己烷,0.72,ppb
四湖站,12,甲基環戊烷,0.14,ppb
四湖站,12,"2,4-二甲基戊烷",0,ppb
四湖站,12,苯,2.6,ppb
四湖站,12,環己烷,0.23,ppb
四湖站,12,2-甲基己烷,0,ppb
四湖站,12,"2,3-二甲基戊烷",0,ppb
四湖站,12,3-甲基己烷,0,ppb
四湖站,12,"2,2,4-三甲基戊烷",0,ppb
四湖站,12,正庚烷,0.24,ppb
四湖站,12,甲基環己烷,0,ppb
四湖站,12,"2,3,4-三甲基戊烷",0,ppb
四湖站,12,甲苯,1.23,ppb
四湖站,12,2-甲基庚烷,0,ppb
四湖站,12,3-甲基庚烷,0,ppb
四湖站,12,正辛烷,0,ppb
四湖站,12,乙苯,0.37,ppb
四湖站,12,"間,對二甲苯",1.02,ppb
四湖站,12,苯乙烯,0,ppb
四湖站,12,鄰二甲苯,0.23,ppb
四湖站,12,正壬烷,0,ppb
四湖站,12,異丙基苯,0.27,ppb
四湖站,12,正丙基苯,0,ppb
四湖站,12,間-乙基甲苯,0,ppb
四湖站,12,對-乙基甲苯,0,ppb
四湖站,12,"1,3,5-三甲基苯",0,ppb
四湖站,12,鄰-乙基甲苯,0,ppb
四湖站,12,"1,2,4-三甲基苯",0,ppb
四湖站,12,葵烷,0,ppb
四湖站,12,"1,2,3-三甲基苯",0,ppb
四湖站,12,間-二乙基苯,0,ppb
四湖站,12,對-二乙基苯,0,ppbv
四湖站,12,正十一烷,0,ppbv
東勢站,12,乙烷,1.07,ppb
東勢站,12,乙烯,0.87,ppb
東勢站,12,丙烷,0.18,ppb
東勢站,12,丙烯,1.2,ppb
東勢站,12,異丁烷,0.38,ppb
東勢站,12,正丁烷,0.89,ppb
東勢站,12,乙炔,1.93,ppb
東勢站,12,反2-丁烯,0.3,ppb
東勢站,12,1-丁烯,0.58,ppb
東勢站,12,順2-丁烯,0,ppb
東勢站,12,環戊烷,0,ppb
東勢站,12,異戊烷,0.87,ppb
東勢站,12,正戊烷,0.51,ppb
東勢站,12,反2-戊烯,0.17,ppb
東勢站,12,1-戊烯,0,ppb
東勢站,12,順2-戊烯,0,ppb
東勢站,12,"2,2-二甲基丁烷",0,ppb
東勢站,12,"2,3-二甲基丁烷",0.35,ppb
東勢站,12,2-甲基戊烷,0.51,ppb
東勢站,12,3-甲基戊烷,0,ppb
東勢站,12,異戊二烯,2.04,ppb
東勢站,12,正己烷,0.49,ppb
東勢站,12,甲基環戊烷,0,ppb
東勢站,12,"2,4-二甲基戊烷",0,ppb
東勢站,12,苯,0,ppb
東勢站,12,環己烷,0,ppb
東勢站,12,2-甲基己烷,0,ppb
東勢站,12,"2,3-二甲基戊烷",0,ppb
東勢站,12,3-甲基己烷,0,ppb
東勢站,12,"2,2,4-三甲基戊烷",0,ppb
東勢站,12,正庚烷,0.36,ppb
東勢站,12,甲基環己烷,0,ppb
東勢站,12,"2,3,4-三甲基戊烷",0,ppb
東勢站,12,甲苯,1.96,ppb
東勢站,12,2-甲基庚烷,0,ppb
東勢站,12,3-甲基庚烷,0.07,ppb
東勢站,12,正辛烷,0.45,ppb
東勢站,12,乙苯,0.41,ppb
東勢站,12,"間,對二甲苯",0.97,ppb
東勢站,12,苯乙烯,0,ppb
東勢站,12,鄰二甲苯,0.51,ppb
東勢站,12,正壬烷,0.21,ppb
東勢站,12,異丙基苯,0,ppb
東勢站,12,正丙基苯,0,ppb
東勢站,12,間-乙基甲苯,0.18,ppb
東勢站,12,對-乙基甲苯,0,ppb
東勢站,12,"1,3,5-三甲基苯",0.07,ppb
東勢站,12,鄰-乙基甲苯,0,ppb
東勢站,12,"1,2,4-三甲基苯",0.47,ppb
東勢站,12,葵烷,0.11,ppb
東勢站,12,"1,2,3-三甲基苯",0.21,ppb
東勢站,12,間-二乙基苯,0.02,ppb
東勢站,12,對-二乙基苯,0.01,ppbv
東勢站,12,正十一烷,0,ppbv
麥寮站,12,乙烷,2.94,ppb
麥寮站,12,乙烯,3.97,ppb
麥寮站,12,丙烷,1.02,ppb
麥寮站,12,丙烯,6.83,ppb
麥寮站,12,異丁烷,0.4,ppb
麥寮站,12,正丁烷,1.42,ppb
麥寮站,12,乙炔,2.26,ppb
麥寮站,12,反2-丁烯,0.26,ppb
麥寮站,12,1-丁烯,0.81,ppb
麥寮站,12,順2-丁烯,0.18,ppb
麥寮站,12,環戊烷,0,ppb
麥寮站,12,異戊烷,0.58,ppb
麥寮站,12,正戊烷,0.5,ppb
麥寮站,12,反2-戊烯,0,ppb
麥寮站,12,1-戊烯,0,ppb
麥寮站,12,順2-戊烯,0,ppb
麥寮站,12,"2,2-二甲基丁烷",0,ppb
麥寮站,12,"2,3-二甲基丁烷",0.63,ppb
麥寮站,12,2-甲基戊烷,1.52,ppb
麥寮站,12,3-甲基戊烷,0,ppb
麥寮站,12,異戊二烯,6.54,ppb
麥寮站,12,正己烷,4.57,ppb
麥寮站,12,甲基環戊烷,0.95,ppb
麥寮站,12,"2,4-二甲基戊烷",0.03,ppb
麥寮站,12,苯,1.88,ppb
麥寮站,12,環己烷,0.45,ppb
麥寮站,12,2-甲基己烷,0.76,ppb
麥寮站,12,"2,3-二甲基戊烷",0.34,ppb
麥寮站,12,3-甲基己烷,0.97,ppb
麥寮站,12,"2,2,4-三甲基戊烷",0.32,ppb
麥寮站,12,正庚烷,2.53,ppb
麥寮站,12,甲基環己烷,1.47,ppb
麥寮站,12,"2,3,4-三甲基戊烷",0,ppb
麥寮站,12,甲苯,2.05,ppb
麥寮站,12,2-甲基庚烷,0.64,ppb
麥寮站,12,3-甲基庚烷,1.02,ppb
麥寮站,12,正辛烷,2.89,ppb
麥寮站,12,乙苯,0.84,ppb
麥寮站,12,"間,對二甲苯",2.13,ppb
麥寮站,12,苯乙烯,0.42,ppb
麥寮站,12,鄰二甲苯,0.79,ppb
麥寮站,12,正壬烷,1.22,ppb
麥寮站,12,異丙基苯,0,ppb
麥寮站,12,正丙基苯,0.05,ppb
麥寮站,12,間-乙基甲苯,0.24,ppb
麥寮站,12,對-乙基甲苯,0,ppb
麥寮站,12,"1,3,5-三甲基苯",0.13,ppb
麥寮站,12,鄰-乙基甲苯,0.15,ppb
麥寮站,12,"1,2,4-三甲基苯",0.54,ppb
麥寮站,12,葵烷,0.17,ppb
麥寮站,12,"1,2,3-三甲基苯",0.17,ppb
麥寮站,12,間-二乙基苯,0,ppb
麥寮站,12,對-二乙基苯,0.05,ppbv
麥寮站,12,正十一烷,0.02,ppbv
台西站,12,乙烷,1.12,ppb
台西站,12,乙烯,1.75,ppb
台西站,12,丙烷,0.57,ppb
台西站,12,丙烯,2.4,ppb
台西站,12,異丁烷,0.24,ppb
台西站,12,正丁烷,0.69,ppb
台西站,12,乙炔,0,ppb
台西站,12,反2-丁烯,0.21,ppb
台西站,12,1-丁烯,0.52,ppb
台西站,12,順2-丁烯,0,ppb
台西站,12,環戊烷,0,ppb
台西站,12,異戊烷,1.07,ppb
台西站,12,正戊烷,0.41,ppb
台西站,12,反2-戊烯,0,ppb
台西站,12,1-戊烯,0,ppb
台西站,12,順2-戊烯,0,ppb
台西站,12,"2,2-二甲基丁烷",0,ppb
台西站,12,"2,3-二甲基丁烷",0,ppb
台西站,12,2-甲基戊烷,0.2,ppb
台西站,12,3-甲基戊烷,0,ppb
台西站,12,異戊二烯,0.81,ppb
台西站,12,正己烷,0,ppb
台西站,12,甲基環戊烷,0,ppb
台西站,12,"2,4-二甲基戊烷",0,ppb
台西站,12,苯,0,ppb
台西站,12,環己烷,0,ppb
台西站,12,2-甲基己烷,0,ppb
台西站,12,"2,3-二甲基戊烷",0,ppb
台西站,12,3-甲基己烷,0,ppb
台西站,12,"2,2,4-三甲基戊烷",0,ppb
台西站,12,正庚烷,0,ppb
台西站,12,甲基環己烷,0,ppb
台西站,12,"2,3,4-三甲基戊烷",0,ppb
台西站,12,甲苯,0.1,ppb
台西站,12,2-甲基庚烷,0,ppb
台西站,12,3-甲基庚烷,0,ppb
台西站,12,正辛烷,0.02,ppb
台西站,12,乙苯,0,ppb
台西站,12,"間,對二甲苯",0,ppb
台西站,12,苯乙烯,0,ppb
台西站,12,鄰二甲苯,0,ppb
台西站,12,正壬烷,0,ppb
台西站,12,異丙基苯,0,ppb
台西站,12,正丙基苯,0,ppb
台西站,12,間-乙基甲苯,0,ppb
台西站,12,對-乙基甲苯,0,ppb
台西站,12,"1,3,5-三甲基苯",0.07,ppb
台西站,12,鄰-乙基甲苯,0,ppb
台西站,12,"1,2,4-三甲基苯",0,ppb
台西站,12,葵烷,0,ppb
台西站,12,"1,2,3-三甲基苯",0,ppb
台西站,12,間-二乙基苯,0,ppb
台西站,12,對-二乙基苯,0,ppbv
台西站,12,正十一烷,0,ppbv
土庫站,12,乙烷,1.76,ppb
土庫站,12,乙烯,0.11,ppb
土庫站,12,丙烷,1.06,ppb
土庫站,12,丙烯,0,ppb
土庫站,12,異丁烷,0.58,ppb
土庫站,12,正丁烷,0.89,ppb
土庫站,12,乙炔,2.94,ppb
土庫站,12,反2-丁烯,0.2,ppb
土庫站,12,1-丁烯,0.4,ppb
土庫站,12,順2-丁烯,0,ppb
土庫站,12,環戊烷,0.3,ppb
土庫站,12,異戊烷,0.67,ppb
土庫站,12,正戊烷,0.44,ppb
土庫站,12,反2-戊烯,0,ppb
土庫站,12,1-戊烯,0.13,ppb
土庫站,12,順2-戊烯,0,ppb
土庫站,12,"2,2-二甲基丁烷",0,ppb
土庫站,12,"2,3-二甲基丁烷",0,ppb
土庫站,12,2-甲基戊烷,0.18,ppb
土庫站,12,3-甲基戊烷,0,ppb
土庫站,12,異戊二烯,3.09,ppb
土庫站,12,正己烷,0,ppb
土庫站,12,甲基環戊烷,0,ppb
土庫站,12,"2,4-二甲基戊烷",0,ppb
土庫站,12,苯,0.06,ppb
土庫站,12,環己烷,0,ppb
土庫站,12,2-甲基己烷,0,ppb
土庫站,12,"2,3-二甲基戊烷",0,ppb
土庫站,12,3-甲基己烷,0.01,ppb
土庫站,12,"2,2,4-三甲基戊烷",0,ppb
土庫站,12,正庚烷,0,ppb
土庫站,12,甲基環己烷,0,ppb
土庫站,12,"2,3,4-三甲基戊烷",0,ppb
土庫站,12,甲苯,2.93,ppb
土庫站,12,2-甲基庚烷,0,ppb
土庫站,12,3-甲基庚烷,0,ppb
土庫站,12,正辛烷,0,ppb
土庫站,12,乙苯,0,ppb
土庫站,12,"間,對二甲苯",1.47,ppb
土庫站,12,苯乙烯,0,ppb
土庫站,12,鄰二甲苯,0.45,ppb
土庫站,12,正壬烷,0,ppb
土庫站,12,異丙基苯,0,ppb
土庫站,12,正丙基苯,0,ppb
土庫站,12,間-乙基甲苯,0,ppb
土庫站,12,對-乙基甲苯,0,ppb
土庫站,12,"1,3,5-三甲基苯",0,ppb
土庫站,12,鄰-乙基甲苯,0,ppb
土庫站,12,"1,2,4-三甲基苯",0.39,ppb
土庫站,12,葵烷,0,ppb
土庫站,12,"1,2,3-三甲基苯",0,ppb
土庫站,12,間-二乙基苯,0,ppb
土庫站,12,對-二乙基苯,0,ppbv
土庫站,12,正十一烷,0,ppbv
西螺站,12,乙烷,1.24,ppb
西螺站,12,乙烯,0,ppb
西螺站,12,丙烷,1,ppb
西螺站,12,丙烯,0,ppb
西螺站,12,異丁烷,0.61,ppb
西螺站,12,正丁烷,0.82,ppb
西螺站,12,乙炔,0,ppb
西螺站,12,反2-丁烯,0,ppb
西螺站,12,1-丁烯,0.26,ppb
西螺站,12,順2-丁烯,0,ppb
西螺站,12,環戊烷,0.15,ppb
西螺站,12,異戊烷,1.08,ppb
西螺站,12,正戊烷,0.42,ppb
西螺站,12,反2-戊烯,0,ppb
西螺站,12,1-戊烯,0,ppb
西螺站,12,順2-戊烯,0,ppb
西螺站,12,"2,2-二甲基丁烷",0,ppb
西螺站,12,"2,3-二甲基丁烷",0,ppb
西螺站,12,2-甲基戊烷,0.23,ppb
西螺站,12,3-甲基戊烷,0.18,ppb
西螺站,12,異戊二烯,2.77,ppb
西螺站,12,正己烷,0,ppb
西螺站,12,甲基環戊烷,0,ppb
西螺站,12,"2,4-二甲基戊烷",0,ppb
西螺站,12,苯,0.38,ppb
西螺站,12,環己烷,0.03,ppb
西螺站,12,2-甲基己烷,0,ppb
西螺站,12,"2,3-二甲基戊烷",0,ppb
西螺站,12,3-甲基己烷,0.13,ppb
西螺站,12,"2,2,4-三甲基戊烷",0.03,ppb
西螺站,12,正庚烷,0.03,ppb
西螺站,12,甲基環己烷,0,ppb
西螺站,12,"2,3,4-三甲基戊烷",0,ppb
西螺站,12,甲苯,4.22,ppb
西螺站,12,2-甲基庚烷,0,ppb
西螺站,12,3-甲基庚烷,0,ppb
西螺站,12,正辛烷,0.06,ppb
西螺站,12,乙苯,0.28,ppb
西螺站,12,"間,對二甲苯",0.76,ppb
西螺站,12,苯乙烯,0.02,ppb
西螺站,12,鄰二甲苯,0.05,ppb
西螺站,12,正壬烷,0,ppb
西螺站,12,異丙基苯,0,ppb
西螺站,12,正丙基苯,0,ppb
西螺站,12,間-乙基甲苯,0.04,ppb
西螺站,12,對-乙基甲苯,0,ppb
西螺站,12,"1,3,5-三甲基苯",0,ppb
西螺站,12,鄰-乙基甲苯,0,ppb
西螺站,12,"1,2,4-三甲基苯",0.01,ppb
西螺站,12,葵烷,0.01,ppb
西螺站,12,"1,2,3-三甲基苯",0.13,ppb
西螺站,12,間-二乙基苯,0.01,ppb
西螺站,12,對-二乙基苯,0.02,ppbv
西螺站,12,正十一烷,0,ppbv
大城站,13,乙烷,0.57,ppb
大城站,13,乙烯,0,ppb
大城站,13,丙烷,0,ppb
大城站,13,丙烯,0,ppb
大城站,13,異丁烷,0.11,ppb
大城站,13,正丁烷,0.24,ppb
大城站,13,乙炔,0,ppb
大城站,13,反2-丁烯,0,ppb
大城站,13,1-丁烯,0.22,ppb
大城站,13,順2-丁烯,0,ppb
大城站,13,環戊烷,0,ppb
大城站,13,異戊烷,0.19,ppb
大城站,13,正戊烷,0,ppb
大城站,13,反2-戊烯,0,ppb
大城站,13,1-戊烯,0,ppb
大城站,13,順2-戊烯,0,ppb
大城站,13,"2,2-二甲基丁烷",0,ppb
大城站,13,"2,3-二甲基丁烷",0,ppb
大城站,13,2-甲基戊烷,0,ppb
大城站,13,3-甲基戊烷,0,ppb
大城站,13,異戊二烯,2.71,ppb
大城站,13,正己烷,0,ppb
大城站,13,甲基環戊烷,0,ppb
大城站,13,"2,4-二甲基戊烷",0,ppb
大城站,13,苯,0,ppb
大城站,13,環己烷,0,ppb
大城站,13,2-甲基己烷,0,ppb
大城站,13,"2,3-二甲基戊烷",0,ppb
大城站,13,3-甲基己烷,0,ppb
大城站,13,"2,2,4-三甲基戊烷",0,ppb
大城站,13,正庚烷,0,ppb
大城站,13,甲基環己烷,0,ppb
大城站,13,"2,3,4-三甲基戊烷",0,ppb
大城站,13,甲苯,0,ppb
大城站,13,2-甲基庚烷,0,ppb
大城站,13,3-甲基庚烷,0,ppb
大城站,13,正辛烷,0,ppb
大城站,13,乙苯,0,ppb
大城站,13,"間,對二甲苯",0,ppb
大城站,13,苯乙烯,0,ppb
大城站,13,鄰二甲苯,0,ppb
大城站,13,正壬烷,0,ppb
大城站,13,異丙基苯,0,ppb
大城站,13,正丙基苯,0,ppb
大城站,13,間-乙基甲苯,0,ppb
大城站,13,對-乙基甲苯,0,ppb
大城站,13,"1,3,5-三甲基苯",0,ppb
大城站,13,鄰-乙基甲苯,0,ppb
大城站,13,"1,2,4-三甲基苯",0,ppb
大城站,13,葵烷,0,ppb
大城站,13,"1,2,3-三甲基苯",0,ppb
大城站,13,間-二乙基苯,0,ppb
大城站,13,對-二乙基苯,0,ppbv
大城站,13,正十一烷,0,ppbv
東石站,13,乙烷,1.36,ppb
東石站,13,乙烯,0,ppb
東石站,13,丙烷,1.17,ppb
東石站,13,丙烯,0.59,ppb
東石站,13,異丁烷,1.19,ppb
東石站,13,正丁烷,1.56,ppb
東石站,13,乙炔,0,ppb
東石站,13,反2-丁烯,0,ppb
東石站,13,1-丁烯,0.48,ppb
東石站,13,順2-丁烯,0,ppb
東石站,13,環戊烷,0,ppb
東石站,13,異戊烷,0.77,ppb
東石站,13,正戊烷,0,ppb
東石站,13,反2-戊烯,0,ppb
東石站,13,1-戊烯,0,ppb
東石站,13,順2-戊烯,0,ppb
東石站,13,"2,2-二甲基丁烷",0,ppb
東石站,13,"2,3-二甲基丁烷",0,ppb
東石站,13,2-甲基戊烷,0.12,ppb
東石站,13,3-甲基戊烷,0,ppb
東石站,13,異戊二烯,2.24,ppb
東石站,13,正己烷,0,ppb
東石站,13,甲基環戊烷,0,ppb
東石站,13,"2,4-二甲基戊烷",0,ppb
東石站,13,苯,0.22,ppb
東石站,13,環己烷,0,ppb
東石站,13,2-甲基己烷,0,ppb
東石站,13,"2,3-二甲基戊烷",0,ppb
東石站,13,3-甲基己烷,0,ppb
東石站,13,"2,2,4-三甲基戊烷",0,ppb
東石站,13,正庚烷,0,ppb
東石站,13,甲基環己烷,0,ppb
東石站,13,"2,3,4-三甲基戊烷",0,ppb
東石站,13,甲苯,0.63,ppb
東石站,13,2-甲基庚烷,0,ppb
東石站,13,3-甲基庚烷,0,ppb
東石站,13,正辛烷,0,ppb
東石站,13,乙苯,0,ppb
東石站,13,"間,對二甲苯",0,ppb
東石站,13,苯乙烯,0,ppb
東石站,13,鄰二甲苯,0,ppb
東石站,13,正壬烷,0,ppb
東石站,13,異丙基苯,0,ppb
東石站,13,正丙基苯,0,ppb
東石站,13,間-乙基甲苯,0,ppb
東石站,13,對-乙基甲苯,0,ppb
東石站,13,"1,3,5-三甲基苯",0,ppb
東石站,13,鄰-乙基甲苯,0,ppb
東石站,13,"1,2,4-三甲基苯",0,ppb
東石站,13,葵烷,0,ppb
東石站,13,"1,2,3-三甲基苯",0,ppb
東石站,13,間-二乙基苯,0,ppb
東石站,13,對-二乙基苯,0,ppbv
東石站,13,正十一烷,0,ppbv
褒忠站,13,乙烷,0.55,ppb
褒忠站,13,乙烯,0,ppb
褒忠站,13,丙烷,0,ppb
褒忠站,13,丙烯,0,ppb
褒忠站,13,異丁烷,0.22,ppb
褒忠站,13,正丁烷,0.41,ppb
褒忠站,13,乙炔,0,ppb
褒忠站,13,反2-丁烯,0,ppb
褒忠站,13,1-丁烯,1.17,ppb
褒忠站,13,順2-丁烯,0,ppb
褒忠站,13,環戊烷,0.81,ppb
褒忠站,13,異戊烷,0.32,ppb
褒忠站,13,正戊烷,0.16,ppb
褒忠站,13,反2-戊烯,0,ppb
褒忠站,13,1-戊烯,0,ppb
褒忠站,13,順2-戊烯,0,ppb
褒忠站,13,"2,2-二甲基丁烷",0,ppb
褒忠站,13,"2,3-二甲基丁烷",0,ppb
褒忠站,13,2-甲基戊烷,0,ppb
褒忠站,13,3-甲基戊烷,0,ppb
褒忠站,13,異戊二烯,0,ppb
褒忠站,13,正己烷,0.07,ppb
褒忠站,13,甲基環戊烷,0,ppb
褒忠站,13,"2,4-二甲基戊烷",0.04,ppb
褒忠站,13,苯,4.97,ppb
褒忠站,13,環己烷,0.02,ppb
褒忠站,13,2-甲基己烷,0,ppb
褒忠站,13,"2,3-二甲基戊烷",0.03,ppb
褒忠站,13,3-甲基己烷,0,ppb
褒忠站,13,"2,2,4-三甲基戊烷",0.04,ppb
褒忠站,13,正庚烷,0.05,ppb
褒忠站,13,甲基環己烷,0.05,ppb
褒忠站,13,"2,3,4-三甲基戊烷",0,ppb
褒忠站,13,甲苯,0.87,ppb
褒忠站,13,2-甲基庚烷,0,ppb
褒忠站,13,3-甲基庚烷,0.03,ppb
褒忠站,13,正辛烷,0,ppb
褒忠站,13,乙苯,0,ppb
褒忠站,13,"間,對二甲苯",0.38,ppb
褒忠站,13,苯乙烯,0.07,ppb
褒忠站,13,鄰二甲苯,0.02,ppb
褒忠站,13,正壬烷,0.03,ppb
褒忠站,13,異丙基苯,0.04,ppb
褒忠站,13,正丙基苯,0.02,ppb
褒忠站,13,間-乙基甲苯,0,ppb
褒忠站,13,對-乙基甲苯,0,ppb
褒忠站,13,"1,3,5-三甲基苯",0,ppb
褒忠站,13,鄰-乙基甲苯,0,ppb
褒忠站,13,"1,2,4-三甲基苯",0.03,ppb
褒忠站,13,葵烷,0.02,ppb
褒忠站,13,"1,2,3-三甲基苯",0.4,ppb
褒忠站,13,間-二乙基苯,0.03,ppb
褒忠站,13,對-二乙基苯,0.03,ppbv
褒忠站,13,正十一烷,0.03,ppbv
崙背站,13,乙烷,0.76,ppb
崙背站,13,乙烯,0.31,ppb
崙背站,13,丙烷,0.85,ppb
崙背站,13,丙烯,0,ppb
崙背站,13,異丁烷,0.61,ppb
崙背站,13,正丁烷,0.82,ppb
崙背站,13,乙炔,0,ppb
崙背站,13,反2-丁烯,0.23,ppb
崙背站,13,1-丁烯,0.38,ppb
崙背站,13,順2-丁烯,0,ppb
崙背站,13,環戊烷,0.2,ppb
崙背站,13,異戊烷,0.7,ppb
崙背站,13,正戊烷,0.3,ppb
崙背站,13,反2-戊烯,0,ppb
崙背站,13,1-戊烯,0,ppb
崙背站,13,順2-戊烯,0,ppb
崙背站,13,"2,2-二甲基丁烷",0,ppb
崙背站,13,"2,3-二甲基丁烷",0,ppb
崙背站,13,2-甲基戊烷,0.1,ppb
崙背站,13,3-甲基戊烷,0,ppb
崙背站,13,異戊二烯,1.89,ppb
崙背站,13,正己烷,0,ppb
崙背站,13,甲基環戊烷,0,ppb
崙背站,13,"2,4-二甲基戊烷",0,ppb
崙背站,13,苯,0.17,ppb
崙背站,13,環己烷,0,ppb
崙背站,13,2-甲基己烷,0,ppb
崙背站,13,"2,3-二甲基戊烷",0,ppb
崙背站,13,3-甲基己烷,0,ppb
崙背站,13,"2,2,4-三甲基戊烷",0,ppb
崙背站,13,正庚烷,0,ppb
崙背站,13,甲基環己烷,0,ppb
崙背站,13,"2,3,4-三甲基戊烷",0,ppb
崙背站,13,甲苯,0,ppb
崙背站,13,2-甲基庚烷,0,ppb
崙背站,13,3-甲基庚烷,0,ppb
崙背站,13,正辛烷,0,ppb
崙背站,13,乙苯,0,ppb
崙背站,13,"間,對二甲苯",0,ppb
崙背站,13,苯乙烯,0,ppb
崙背站,13,鄰二甲苯,0,ppb
崙背站,13,正壬烷,0,ppb
崙背站,13,異丙基苯,0,ppb
崙背站,13,正丙基苯,0,ppb
崙背站,13,間-乙基甲苯,0,ppb
崙背站,13,對-乙基甲苯,0,ppb
崙背站,13,"1,3,5-三甲基苯",0,ppb
崙背站,13,鄰-乙基甲苯,0,ppb
崙背站,13,"1,2,4-三甲基苯",0,ppb
崙背站,13,葵烷,0,ppb
崙背站,13,"1,2,3-三甲基苯",0,ppb
崙背站,13,間-二乙基苯,0,ppb
崙背站,13,對-二乙基苯,0,ppbv
崙背站,13,正十一烷,0,ppbv
四湖站,13,乙烷,1.13,ppb
四湖站,13,乙烯,0,ppb
四湖站,13,丙烷,0.67,ppb
四湖站,13,丙烯,0,ppb
四湖站,13,異丁烷,0.35,ppb
四湖站,13,正丁烷,0.57,ppb
四湖站,13,乙炔,1.16,ppb
四湖站,13,反2-丁烯,0,ppb
四湖站,13,1-丁烯,1.69,ppb
四湖站,13,順2-丁烯,0,ppb
四湖站,13,環戊烷,0,ppb
四湖站,13,異戊烷,0.39,ppb
四湖站,13,正戊烷,0.17,ppb
四湖站,13,反2-戊烯,0,ppb
四湖站,13,1-戊烯,0,ppb
四湖站,13,順2-戊烯,0,ppb
四湖站,13,"2,2-二甲基丁烷",0,ppb
四湖站,13,"2,3-二甲基丁烷",0,ppb
四湖站,13,2-甲基戊烷,0,ppb
四湖站,13,3-甲基戊烷,0,ppb
四湖站,13,異戊二烯,3.17,ppb
四湖站,13,正己烷,0,ppb
四湖站,13,甲基環戊烷,0,ppb
四湖站,13,"2,4-二甲基戊烷",0,ppb
四湖站,13,苯,0.67,ppb
四湖站,13,環己烷,0,ppb
四湖站,13,2-甲基己烷,0,ppb
四湖站,13,"2,3-二甲基戊烷",0,ppb
四湖站,13,3-甲基己烷,0,ppb
四湖站,13,"2,2,4-三甲基戊烷",0,ppb
四湖站,13,正庚烷,0,ppb
四湖站,13,甲基環己烷,0,ppb
四湖站,13,"2,3,4-三甲基戊烷",0,ppb
四湖站,13,甲苯,0.62,ppb
四湖站,13,2-甲基庚烷,0,ppb
四湖站,13,3-甲基庚烷,0,ppb
四湖站,13,正辛烷,0,ppb
四湖站,13,乙苯,0,ppb
四湖站,13,"間,對二甲苯",0,ppb
四湖站,13,苯乙烯,0,ppb
四湖站,13,鄰二甲苯,0,ppb
四湖站,13,正壬烷,0,ppb
四湖站,13,異丙基苯,0,ppb
四湖站,13,正丙基苯,0,ppb
四湖站,13,間-乙基甲苯,0,ppb
四湖站,13,對-乙基甲苯,0,ppb
四湖站,13,"1,3,5-三甲基苯",0,ppb
四湖站,13,鄰-乙基甲苯,0,ppb
四湖站,13,"1,2,4-三甲基苯",0,ppb
四湖站,13,葵烷,0,ppb
四湖站,13,"1,2,3-三甲基苯",0,ppb
四湖站,13,間-二乙基苯,0,ppb
四湖站,13,對-二乙基苯,0,ppbv
四湖站,13,正十一烷,0.04,ppbv
東勢站,13,乙烷,1.91,ppb
東勢站,13,乙烯,1,ppb
東勢站,13,丙烷,0.37,ppb
東勢站,13,丙烯,1.5,ppb
東勢站,13,異丁烷,0.68,ppb
東勢站,13,正丁烷,1.61,ppb
東勢站,13,乙炔,3.46,ppb
東勢站,13,反2-丁烯,0.21,ppb
東勢站,13,1-丁烯,0.52,ppb
東勢站,13,順2-丁烯,0,ppb
東勢站,13,環戊烷,0,ppb
東勢站,13,異戊烷,1.82,ppb
東勢站,13,正戊烷,0.92,ppb
東勢站,13,反2-戊烯,0.16,ppb
東勢站,13,1-戊烯,0,ppb
東勢站,13,順2-戊烯,0,ppb
東勢站,13,"2,2-二甲基丁烷",0.13,ppb
東勢站,13,"2,3-二甲基丁烷",0.41,ppb
東勢站,13,2-甲基戊烷,0.64,ppb
東勢站,13,3-甲基戊烷,0,ppb
東勢站,13,異戊二烯,0.15,ppb
東勢站,13,正己烷,1.41,ppb
東勢站,13,甲基環戊烷,0.42,ppb
東勢站,13,"2,4-二甲基戊烷",0,ppb
東勢站,13,苯,2.59,ppb
東勢站,13,環己烷,0,ppb
東勢站,13,2-甲基己烷,0,ppb
東勢站,13,"2,3-二甲基戊烷",0,ppb
東勢站,13,3-甲基己烷,0,ppb
東勢站,13,"2,2,4-三甲基戊烷",0,ppb
東勢站,13,正庚烷,0.2,ppb
東勢站,13,甲基環己烷,0.26,ppb
東勢站,13,"2,3,4-三甲基戊烷",0,ppb
東勢站,13,甲苯,1.79,ppb
東勢站,13,2-甲基庚烷,0.24,ppb
東勢站,13,3-甲基庚烷,0,ppb
東勢站,13,正辛烷,0.61,ppb
東勢站,13,乙苯,0.36,ppb
東勢站,13,"間,對二甲苯",0.82,ppb
東勢站,13,苯乙烯,0,ppb
東勢站,13,鄰二甲苯,0.48,ppb
東勢站,13,正壬烷,0.32,ppb
東勢站,13,異丙基苯,0,ppb
東勢站,13,正丙基苯,0,ppb
東勢站,13,間-乙基甲苯,0.21,ppb
東勢站,13,對-乙基甲苯,0,ppb
東勢站,13,"1,3,5-三甲基苯",0,ppb
東勢站,13,鄰-乙基甲苯,0.13,ppb
東勢站,13,"1,2,4-三甲基苯",0.3,ppb
東勢站,13,葵烷,0,ppb
東勢站,13,"1,2,3-三甲基苯",0.23,ppb
東勢站,13,間-二乙基苯,0,ppb
東勢站,13,對-二乙基苯,0,ppbv
東勢站,13,正十一烷,0,ppbv
麥寮站,13,乙烷,14.92,ppb
麥寮站,13,乙烯,8.8,ppb
麥寮站,13,丙烷,3.33,ppb
麥寮站,13,丙烯,16.36,ppb
麥寮站,13,異丁烷,0.8,ppb
麥寮站,13,正丁烷,3.72,ppb
麥寮站,13,乙炔,2.91,ppb
麥寮站,13,反2-丁烯,0.44,ppb
麥寮站,13,1-丁烯,1.27,ppb
麥寮站,13,順2-丁烯,0.45,ppb
麥寮站,13,環戊烷,0,ppb
麥寮站,13,異戊烷,1.85,ppb
麥寮站,13,正戊烷,1.95,ppb
麥寮站,13,反2-戊烯,0,ppb
麥寮站,13,1-戊烯,0,ppb
麥寮站,13,順2-戊烯,0,ppb
麥寮站,13,"2,2-二甲基丁烷",0,ppb
麥寮站,13,"2,3-二甲基丁烷",1.66,ppb
麥寮站,13,2-甲基戊烷,3.59,ppb
麥寮站,13,3-甲基戊烷,0,ppb
麥寮站,13,異戊二烯,6.09,ppb
麥寮站,13,正己烷,11.52,ppb
麥寮站,13,甲基環戊烷,1.81,ppb
麥寮站,13,"2,4-二甲基戊烷",0,ppb
麥寮站,13,苯,3.01,ppb
麥寮站,13,環己烷,0.42,ppb
麥寮站,13,2-甲基己烷,0.67,ppb
麥寮站,13,"2,3-二甲基戊烷",0.33,ppb
麥寮站,13,3-甲基己烷,0.81,ppb
麥寮站,13,"2,2,4-三甲基戊烷",0.27,ppb
麥寮站,13,正庚烷,2.4,ppb
麥寮站,13,甲基環己烷,1.45,ppb
麥寮站,13,"2,3,4-三甲基戊烷",0,ppb
麥寮站,13,甲苯,3.58,ppb
麥寮站,13,2-甲基庚烷,0.59,ppb
麥寮站,13,3-甲基庚烷,0.81,ppb
麥寮站,13,正辛烷,2.98,ppb
麥寮站,13,乙苯,0.95,ppb
麥寮站,13,"間,對二甲苯",2.46,ppb
麥寮站,13,苯乙烯,0.22,ppb
麥寮站,13,鄰二甲苯,0.67,ppb
麥寮站,13,正壬烷,1.26,ppb
麥寮站,13,異丙基苯,0.1,ppb
麥寮站,13,正丙基苯,0,ppb
麥寮站,13,間-乙基甲苯,0.22,ppb
麥寮站,13,對-乙基甲苯,0.07,ppb
麥寮站,13,"1,3,5-三甲基苯",0.05,ppb
麥寮站,13,鄰-乙基甲苯,0.1,ppb
麥寮站,13,"1,2,4-三甲基苯",0.31,ppb
麥寮站,13,葵烷,0.3,ppb
麥寮站,13,"1,2,3-三甲基苯",0.1,ppb
麥寮站,13,間-二乙基苯,0.08,ppb
麥寮站,13,對-二乙基苯,0.02,ppbv
麥寮站,13,正十一烷,0.04,ppbv
台西站,13,乙烷,---,ppb
台西站,13,乙烯,---,ppb
台西站,13,丙烷,---,ppb
台西站,13,丙烯,---,ppb
台西站,13,異丁烷,---,ppb
台西站,13,正丁烷,---,ppb
台西站,13,乙炔,---,ppb
台西站,13,反2-丁烯,---,ppb
台西站,13,1-丁烯,---,ppb
台西站,13,順2-丁烯,---,ppb
台西站,13,環戊烷,---,ppb
台西站,13,異戊烷,---,ppb
台西站,13,正戊烷,---,ppb
台西站,13,反2-戊烯,---,ppb
台西站,13,1-戊烯,---,ppb
台西站,13,順2-戊烯,---,ppb
台西站,13,"2,2-二甲基丁烷",---,ppb
台西站,13,"2,3-二甲基丁烷",---,ppb
台西站,13,2-甲基戊烷,---,ppb
台西站,13,3-甲基戊烷,---,ppb
台西站,13,異戊二烯,---,ppb
台西站,13,正己烷,---,ppb
台西站,13,甲基環戊烷,---,ppb
台西站,13,"2,4-二甲基戊烷",---,ppb
台西站,13,苯,---,ppb
台西站,13,環己烷,---,ppb
台西站,13,2-甲基己烷,---,ppb
台西站,13,"2,3-二甲基戊烷",---,ppb
台西站,13,3-甲基己烷,---,ppb
台西站,13,"2,2,4-三甲基戊烷",---,ppb
台西站,13,正庚烷,---,ppb
台西站,13,甲基環己烷,---,ppb
台西站,13,"2,3,4-三甲基戊烷",---,ppb
台西站,13,甲苯,---,ppb
台西站,13,2-甲基庚烷,---,ppb
台西站,13,3-甲基庚烷,---,ppb
台西站,13,正辛烷,---,ppb
台西站,13,乙苯,---,ppb
台西站,13,"間,對二甲苯",---,ppb
台西站,13,苯乙烯,---,ppb
台西站,13,鄰二甲苯,---,ppb
台西站,13,正壬烷,---,ppb
台西站,13,異丙基苯,---,ppb
台西站,13,正丙基苯,---,ppb
台西站,13,間-乙基甲苯,---,ppb
台西站,13,對-乙基甲苯,---,ppb
台西站,13,"1,3,5-三甲基苯",---,ppb
台西站,13,鄰-乙基甲苯,---,ppb
台西站,13,"1,2,4-三甲基苯",---,ppb
台西站,13,葵烷,---,ppb
台西站,13,"1,2,3-三甲基苯",---,ppb
台西站,13,間-二乙基苯,---,ppb
台西站,13,對-二乙基苯,---,ppbv
台西站,13,正十一烷,---,ppbv
土庫站,13,乙烷,1.44,ppb
土庫站,13,乙烯,0,ppb
土庫站,13,丙烷,0.99,ppb
土庫站,13,丙烯,0,ppb
土庫站,13,異丁烷,0.33,ppb
土庫站,13,正丁烷,0.76,ppb
土庫站,13,乙炔,2.44,ppb
土庫站,13,反2-丁烯,0,ppb
土庫站,13,1-丁烯,0.28,ppb
土庫站,13,順2-丁烯,0.15,ppb
土庫站,13,環戊烷,0.14,ppb
土庫站,13,異戊烷,0.54,ppb
土庫站,13,正戊烷,0.25,ppb
土庫站,13,反2-戊烯,0,ppb
土庫站,13,1-戊烯,0,ppb
土庫站,13,順2-戊烯,0,ppb
土庫站,13,"2,2-二甲基丁烷",0,ppb
土庫站,13,"2,3-二甲基丁烷",0,ppb
土庫站,13,2-甲基戊烷,0,ppb
土庫站,13,3-甲基戊烷,0,ppb
土庫站,13,異戊二烯,3.08,ppb
土庫站,13,正己烷,0,ppb
土庫站,13,甲基環戊烷,0,ppb
土庫站,13,"2,4-二甲基戊烷",0,ppb
土庫站,13,苯,0.13,ppb
土庫站,13,環己烷,0,ppb
土庫站,13,2-甲基己烷,0,ppb
土庫站,13,"2,3-二甲基戊烷",0,ppb
土庫站,13,3-甲基己烷,0,ppb
土庫站,13,"2,2,4-三甲基戊烷",0,ppb
土庫站,13,正庚烷,0,ppb
土庫站,13,甲基環己烷,0,ppb
土庫站,13,"2,3,4-三甲基戊烷",0,ppb
土庫站,13,甲苯,1.15,ppb
土庫站,13,2-甲基庚烷,0,ppb
土庫站,13,3-甲基庚烷,0,ppb
土庫站,13,正辛烷,0,ppb
土庫站,13,乙苯,0,ppb
土庫站,13,"間,對二甲苯",0.73,ppb
土庫站,13,苯乙烯,0,ppb
土庫站,13,鄰二甲苯,0,ppb
土庫站,13,正壬烷,0,ppb
土庫站,13,異丙基苯,0,ppb
土庫站,13,正丙基苯,0,ppb
土庫站,13,間-乙基甲苯,0,ppb
土庫站,13,對-乙基甲苯,0,ppb
土庫站,13,"1,3,5-三甲基苯",0,ppb
土庫站,13,鄰-乙基甲苯,0,ppb
土庫站,13,"1,2,4-三甲基苯",0.3,ppb
土庫站,13,葵烷,0,ppb
土庫站,13,"1,2,3-三甲基苯",0,ppb
土庫站,13,間-二乙基苯,0,ppb
土庫站,13,對-二乙基苯,0,ppbv
土庫站,13,正十一烷,0,ppbv
西螺站,13,乙烷,1.86,ppb
西螺站,13,乙烯,0.25,ppb
西螺站,13,丙烷,0.98,ppb
西螺站,13,丙烯,0.25,ppb
西螺站,13,異丁烷,0.41,ppb
西螺站,13,正丁烷,0.71,ppb
西螺站,13,乙炔,0.63,ppb
西螺站,13,反2-丁烯,0,ppb
西螺站,13,1-丁烯,0.3,ppb
西螺站,13,順2-丁烯,0,ppb
西螺站,13,環戊烷,0,ppb
西螺站,13,異戊烷,0.85,ppb
西螺站,13,正戊烷,0.47,ppb
西螺站,13,反2-戊烯,0,ppb
西螺站,13,1-戊烯,0,ppb
西螺站,13,順2-戊烯,0,ppb
西螺站,13,"2,2-二甲基丁烷",0,ppb
西螺站,13,"2,3-二甲基丁烷",0,ppb
西螺站,13,2-甲基戊烷,0.18,ppb
西螺站,13,3-甲基戊烷,0,ppb
西螺站,13,異戊二烯,1.96,ppb
西螺站,13,正己烷,0,ppb
西螺站,13,甲基環戊烷,0,ppb
西螺站,13,"2,4-二甲基戊烷",0,ppb
西螺站,13,苯,0.06,ppb
西螺站,13,環己烷,0,ppb
西螺站,13,2-甲基己烷,0,ppb
西螺站,13,"2,3-二甲基戊烷",0,ppb
西螺站,13,3-甲基己烷,0,ppb
西螺站,13,"2,2,4-三甲基戊烷",0,ppb
西螺站,13,正庚烷,0,ppb
西螺站,13,甲基環己烷,0,ppb
西螺站,13,"2,3,4-三甲基戊烷",0,ppb
西螺站,13,甲苯,2.01,ppb
西螺站,13,2-甲基庚烷,0.05,ppb
西螺站,13,3-甲基庚烷,0,ppb
西螺站,13,正辛烷,0.07,ppb
西螺站,13,乙苯,0.22,ppb
西螺站,13,"間,對二甲苯",0.46,ppb
西螺站,13,苯乙烯,0.01,ppb
西螺站,13,鄰二甲苯,0.01,ppb
西螺站,13,正壬烷,0,ppb
西螺站,13,異丙基苯,0.01,ppb
西螺站,13,正丙基苯,0.01,ppb
西螺站,13,間-乙基甲苯,0.05,ppb
西螺站,13,對-乙基甲苯,0,ppb
西螺站,13,"1,3,5-三甲基苯",0,ppb
西螺站,13,鄰-乙基甲苯,0.01,ppb
西螺站,13,"1,2,4-三甲基苯",0.01,ppb
西螺站,13,葵烷,0.02,ppb
西螺站,13,"1,2,3-三甲基苯",0.05,ppb
西螺站,13,間-二乙基苯,0.01,ppb
西螺站,13,對-二乙基苯,0.01,ppbv
西螺站,13,正十一烷,0.01,ppbv
大城站,14,乙烷,0.45,ppb
大城站,14,乙烯,0,ppb
大城站,14,丙烷,0,ppb
大城站,14,丙烯,0,ppb
大城站,14,異丁烷,0,ppb
大城站,14,正丁烷,0.23,ppb
大城站,14,乙炔,0,ppb
大城站,14,反2-丁烯,0,ppb
大城站,14,1-丁烯,0.29,ppb
大城站,14,順2-丁烯,0,ppb
大城站,14,環戊烷,0,ppb
大城站,14,異戊烷,0.27,ppb
大城站,14,正戊烷,0.12,ppb
大城站,14,反2-戊烯,0,ppb
大城站,14,1-戊烯,0,ppb
大城站,14,順2-戊烯,0,ppb
大城站,14,"2,2-二甲基丁烷",0,ppb
大城站,14,"2,3-二甲基丁烷",0,ppb
大城站,14,2-甲基戊烷,0,ppb
大城站,14,3-甲基戊烷,0,ppb
大城站,14,異戊二烯,2.63,ppb
大城站,14,正己烷,0,ppb
大城站,14,甲基環戊烷,0,ppb
大城站,14,"2,4-二甲基戊烷",0,ppb
大城站,14,苯,0,ppb
大城站,14,環己烷,0,ppb
大城站,14,2-甲基己烷,0,ppb
大城站,14,"2,3-二甲基戊烷",0,ppb
大城站,14,3-甲基己烷,0,ppb
大城站,14,"2,2,4-三甲基戊烷",0,ppb
大城站,14,正庚烷,0,ppb
大城站,14,甲基環己烷,0,ppb
大城站,14,"2,3,4-三甲基戊烷",0,ppb
大城站,14,甲苯,0,ppb
大城站,14,2-甲基庚烷,0,ppb
大城站,14,3-甲基庚烷,0,ppb
大城站,14,正辛烷,0,ppb
大城站,14,乙苯,0,ppb
大城站,14,"間,對二甲苯",0,ppb
大城站,14,苯乙烯,0,ppb
大城站,14,鄰二甲苯,0,ppb
大城站,14,正壬烷,0,ppb
大城站,14,異丙基苯,0,ppb
大城站,14,正丙基苯,0,ppb
大城站,14,間-乙基甲苯,0,ppb
大城站,14,對-乙基甲苯,0,ppb
大城站,14,"1,3,5-三甲基苯",0,ppb
大城站,14,鄰-乙基甲苯,0,ppb
大城站,14,"1,2,4-三甲基苯",0,ppb
大城站,14,葵烷,0,ppb
大城站,14,"1,2,3-三甲基苯",0,ppb
大城站,14,間-二乙基苯,0,ppb
大城站,14,對-二乙基苯,0,ppbv
大城站,14,正十一烷,0,ppbv
東石站,14,乙烷,0.59,ppb
東石站,14,乙烯,0.2,ppb
東石站,14,丙烷,0,ppb
東石站,14,丙烯,0.38,ppb
東石站,14,異丁烷,0,ppb
東石站,14,正丁烷,0.17,ppb
東石站,14,乙炔,0,ppb
東石站,14,反2-丁烯,0,ppb
東石站,14,1-丁烯,0.5,ppb
東石站,14,順2-丁烯,0,ppb
東石站,14,環戊烷,0,ppb
東石站,14,異戊烷,0.25,ppb
東石站,14,正戊烷,0,ppb
東石站,14,反2-戊烯,0,ppb
東石站,14,1-戊烯,0,ppb
東石站,14,順2-戊烯,0,ppb
東石站,14,"2,2-二甲基丁烷",0,ppb
東石站,14,"2,3-二甲基丁烷",0,ppb
東石站,14,2-甲基戊烷,0,ppb
東石站,14,3-甲基戊烷,0,ppb
東石站,14,異戊二烯,2.9,ppb
東石站,14,正己烷,0,ppb
東石站,14,甲基環戊烷,0,ppb
東石站,14,"2,4-二甲基戊烷",0,ppb
東石站,14,苯,0,ppb
東石站,14,環己烷,0,ppb
東石站,14,2-甲基己烷,0,ppb
東石站,14,"2,3-二甲基戊烷",0,ppb
東石站,14,3-甲基己烷,0,ppb
東石站,14,"2,2,4-三甲基戊烷",0,ppb
東石站,14,正庚烷,0,ppb
東石站,14,甲基環己烷,0,ppb
東石站,14,"2,3,4-三甲基戊烷",0,ppb
東石站,14,甲苯,0,ppb
東石站,14,2-甲基庚烷,0,ppb
東石站,14,3-甲基庚烷,0,ppb
東石站,14,正辛烷,0,ppb
東石站,14,乙苯,0,ppb
東石站,14,"間,對二甲苯",0,ppb
東石站,14,苯乙烯,0,ppb
東石站,14,鄰二甲苯,0,ppb
東石站,14,正壬烷,0,ppb
東石站,14,異丙基苯,0,ppb
東石站,14,正丙基苯,0,ppb
東石站,14,間-乙基甲苯,0,ppb
東石站,14,對-乙基甲苯,0,ppb
東石站,14,"1,3,5-三甲基苯",0,ppb
東石站,14,鄰-乙基甲苯,0,ppb
東石站,14,"1,2,4-三甲基苯",0,ppb
東石站,14,葵烷,0,ppb
東石站,14,"1,2,3-三甲基苯",0,ppb
東石站,14,間-二乙基苯,0,ppb
東石站,14,對-二乙基苯,0,ppbv
東石站,14,正十一烷,0,ppbv
褒忠站,14,乙烷,0.58,ppb
褒忠站,14,乙烯,0.26,ppb
褒忠站,14,丙烷,0.26,ppb
褒忠站,14,丙烯,0,ppb
褒忠站,14,異丁烷,0,ppb
褒忠站,14,正丁烷,0.27,ppb
褒忠站,14,乙炔,0.79,ppb
褒忠站,14,反2-丁烯,0,ppb
褒忠站,14,1-丁烯,1.24,ppb
褒忠站,14,順2-丁烯,0,ppb
褒忠站,14,環戊烷,0.73,ppb
褒忠站,14,異戊烷,0.36,ppb
褒忠站,14,正戊烷,0.19,ppb
褒忠站,14,反2-戊烯,0,ppb
褒忠站,14,1-戊烯,0,ppb
褒忠站,14,順2-戊烯,0,ppb
褒忠站,14,"2,2-二甲基丁烷",0,ppb
褒忠站,14,"2,3-二甲基丁烷",0,ppb
褒忠站,14,2-甲基戊烷,0,ppb
褒忠站,14,3-甲基戊烷,0,ppb
褒忠站,14,異戊二烯,5.54,ppb
褒忠站,14,正己烷,0.05,ppb
褒忠站,14,甲基環戊烷,0.07,ppb
褒忠站,14,"2,4-二甲基戊烷",0.1,ppb
褒忠站,14,苯,0.52,ppb
褒忠站,14,環己烷,0,ppb
褒忠站,14,2-甲基己烷,0,ppb
褒忠站,14,"2,3-二甲基戊烷",0,ppb
褒忠站,14,3-甲基己烷,0,ppb
褒忠站,14,"2,2,4-三甲基戊烷",0,ppb
褒忠站,14,正庚烷,0.02,ppb
褒忠站,14,甲基環己烷,0.05,ppb
褒忠站,14,"2,3,4-三甲基戊烷",0,ppb
褒忠站,14,甲苯,0.66,ppb
褒忠站,14,2-甲基庚烷,0,ppb
褒忠站,14,3-甲基庚烷,0,ppb
褒忠站,14,正辛烷,0.07,ppb
褒忠站,14,乙苯,0.11,ppb
褒忠站,14,"間,對二甲苯",0.48,ppb
褒忠站,14,苯乙烯,0,ppb
褒忠站,14,鄰二甲苯,0,ppb
褒忠站,14,正壬烷,0.02,ppb
褒忠站,14,異丙基苯,0.05,ppb
褒忠站,14,正丙基苯,0.05,ppb
褒忠站,14,間-乙基甲苯,0.15,ppb
褒忠站,14,對-乙基甲苯,0,ppb
褒忠站,14,"1,3,5-三甲基苯",0.04,ppb
褒忠站,14,鄰-乙基甲苯,0,ppb
褒忠站,14,"1,2,4-三甲基苯",0.03,ppb
褒忠站,14,葵烷,0,ppb
褒忠站,14,"1,2,3-三甲基苯",0.28,ppb
褒忠站,14,間-二乙基苯,0,ppb
褒忠站,14,對-二乙基苯,0.05,ppbv
褒忠站,14,正十一烷,0.03,ppbv
崙背站,14,乙烷,0.54,ppb
崙背站,14,乙烯,0.1,ppb
崙背站,14,丙烷,0.74,ppb
崙背站,14,丙烯,0,ppb
崙背站,14,異丁烷,0.46,ppb
崙背站,14,正丁烷,0.76,ppb
崙背站,14,乙炔,0.79,ppb
崙背站,14,反2-丁烯,0.2,ppb
崙背站,14,1-丁烯,0.38,ppb
崙背站,14,順2-丁烯,0,ppb
崙背站,14,環戊烷,0.22,ppb
崙背站,14,異戊烷,0.61,ppb
崙背站,14,正戊烷,0.23,ppb
崙背站,14,反2-戊烯,0,ppb
崙背站,14,1-戊烯,0,ppb
崙背站,14,順2-戊烯,0,ppb
崙背站,14,"2,2-二甲基丁烷",0,ppb
崙背站,14,"2,3-二甲基丁烷",0,ppb
崙背站,14,2-甲基戊烷,0,ppb
崙背站,14,3-甲基戊烷,0,ppb
崙背站,14,異戊二烯,1.76,ppb
崙背站,14,正己烷,0,ppb
崙背站,14,甲基環戊烷,0,ppb
崙背站,14,"2,4-二甲基戊烷",0,ppb
崙背站,14,苯,0,ppb
崙背站,14,環己烷,0,ppb
崙背站,14,2-甲基己烷,0,ppb
崙背站,14,"2,3-二甲基戊烷",0,ppb
崙背站,14,3-甲基己烷,0,ppb
崙背站,14,"2,2,4-三甲基戊烷",0,ppb
崙背站,14,正庚烷,0,ppb
崙背站,14,甲基環己烷,0,ppb
崙背站,14,"2,3,4-三甲基戊烷",0,ppb
崙背站,14,甲苯,0,ppb
崙背站,14,2-甲基庚烷,0,ppb
崙背站,14,3-甲基庚烷,0,ppb
崙背站,14,正辛烷,0,ppb
崙背站,14,乙苯,0,ppb
崙背站,14,"間,對二甲苯",0,ppb
崙背站,14,苯乙烯,0,ppb
崙背站,14,鄰二甲苯,0,ppb
崙背站,14,正壬烷,0,ppb
崙背站,14,異丙基苯,0,ppb
崙背站,14,正丙基苯,0,ppb
崙背站,14,間-乙基甲苯,0,ppb
崙背站,14,對-乙基甲苯,0,ppb
崙背站,14,"1,3,5-三甲基苯",0,ppb
崙背站,14,鄰-乙基甲苯,0,ppb
崙背站,14,"1,2,4-三甲基苯",0,ppb
崙背站,14,葵烷,0,ppb
崙背站,14,"1,2,3-三甲基苯",0,ppb
崙背站,14,間-二乙基苯,0,ppb
崙背站,14,對-二乙基苯,0,ppbv
崙背站,14,正十一烷,0,ppbv
四湖站,14,乙烷,0.6,ppb
四湖站,14,乙烯,0,ppb
四湖站,14,丙烷,0.45,ppb
四湖站,14,丙烯,0,ppb
四湖站,14,異丁烷,0.16,ppb
四湖站,14,正丁烷,0.25,ppb
四湖站,14,乙炔,0.87,ppb
四湖站,14,反2-丁烯,0,ppb
四湖站,14,1-丁烯,1.66,ppb
四湖站,14,順2-丁烯,0,ppb
四湖站,14,環戊烷,0,ppb
四湖站,14,異戊烷,0.16,ppb
四湖站,14,正戊烷,0,ppb
四湖站,14,反2-戊烯,0,ppb
四湖站,14,1-戊烯,0,ppb
四湖站,14,順2-戊烯,0,ppb
四湖站,14,"2,2-二甲基丁烷",0,ppb
四湖站,14,"2,3-二甲基丁烷",0,ppb
四湖站,14,2-甲基戊烷,0,ppb
四湖站,14,3-甲基戊烷,0,ppb
四湖站,14,異戊二烯,1.36,ppb
四湖站,14,正己烷,0,ppb
四湖站,14,甲基環戊烷,0,ppb
四湖站,14,"2,4-二甲基戊烷",0,ppb
四湖站,14,苯,0,ppb
四湖站,14,環己烷,0,ppb
四湖站,14,2-甲基己烷,0,ppb
四湖站,14,"2,3-二甲基戊烷",0,ppb
四湖站,14,3-甲基己烷,0,ppb
四湖站,14,"2,2,4-三甲基戊烷",0,ppb
四湖站,14,正庚烷,0,ppb
四湖站,14,甲基環己烷,0,ppb
四湖站,14,"2,3,4-三甲基戊烷",0,ppb
四湖站,14,甲苯,0.47,ppb
四湖站,14,2-甲基庚烷,0,ppb
四湖站,14,3-甲基庚烷,0,ppb
四湖站,14,正辛烷,0,ppb
四湖站,14,乙苯,0,ppb
四湖站,14,"間,對二甲苯",0,ppb
四湖站,14,苯乙烯,0,ppb
四湖站,14,鄰二甲苯,0,ppb
四湖站,14,正壬烷,0,ppb
四湖站,14,異丙基苯,0,ppb
四湖站,14,正丙基苯,0,ppb
四湖站,14,間-乙基甲苯,0,ppb
四湖站,14,對-乙基甲苯,0,ppb
四湖站,14,"1,3,5-三甲基苯",0,ppb
四湖站,14,鄰-乙基甲苯,0,ppb
四湖站,14,"1,2,4-三甲基苯",0,ppb
四湖站,14,葵烷,0,ppb
四湖站,14,"1,2,3-三甲基苯",0,ppb
四湖站,14,間-二乙基苯,0,ppb
四湖站,14,對-二乙基苯,0,ppbv
四湖站,14,正十一烷,0,ppbv
東勢站,14,乙烷,1.65,ppb
東勢站,14,乙烯,0.53,ppb
東勢站,14,丙烷,0.5,ppb
東勢站,14,丙烯,0.75,ppb
東勢站,14,異丁烷,0.84,ppb
東勢站,14,正丁烷,1.91,ppb
東勢站,14,乙炔,1.65,ppb
東勢站,14,反2-丁烯,0.38,ppb
東勢站,14,1-丁烯,0.57,ppb
東勢站,14,順2-丁烯,0.23,ppb
東勢站,14,環戊烷,0,ppb
東勢站,14,異戊烷,2.26,ppb
東勢站,14,正戊烷,1.08,ppb
東勢站,14,反2-戊烯,0.29,ppb
東勢站,14,1-戊烯,0,ppb
東勢站,14,順2-戊烯,0,ppb
東勢站,14,"2,2-二甲基丁烷",0,ppb
東勢站,14,"2,3-二甲基丁烷",0.35,ppb
東勢站,14,2-甲基戊烷,0.38,ppb
東勢站,14,3-甲基戊烷,0,ppb
東勢站,14,異戊二烯,2.18,ppb
東勢站,14,正己烷,0,ppb
東勢站,14,甲基環戊烷,0,ppb
東勢站,14,"2,4-二甲基戊烷",0,ppb
東勢站,14,苯,0.57,ppb
東勢站,14,環己烷,0,ppb
東勢站,14,2-甲基己烷,0,ppb
東勢站,14,"2,3-二甲基戊烷",0,ppb
東勢站,14,3-甲基己烷,0,ppb
東勢站,14,"2,2,4-三甲基戊烷",0,ppb
東勢站,14,正庚烷,0.26,ppb
東勢站,14,甲基環己烷,0.07,ppb
東勢站,14,"2,3,4-三甲基戊烷",0,ppb
東勢站,14,甲苯,2.73,ppb
東勢站,14,2-甲基庚烷,0,ppb
東勢站,14,3-甲基庚烷,0.2,ppb
東勢站,14,正辛烷,0.59,ppb
東勢站,14,乙苯,0.46,ppb
東勢站,14,"間,對二甲苯",1.28,ppb
東勢站,14,苯乙烯,0,ppb
東勢站,14,鄰二甲苯,0.66,ppb
東勢站,14,正壬烷,0.4,ppb
東勢站,14,異丙基苯,0,ppb
東勢站,14,正丙基苯,0.03,ppb
東勢站,14,間-乙基甲苯,0.32,ppb
東勢站,14,對-乙基甲苯,0.18,ppb
東勢站,14,"1,3,5-三甲基苯",0,ppb
東勢站,14,鄰-乙基甲苯,0,ppb
東勢站,14,"1,2,4-三甲基苯",0.6,ppb
東勢站,14,葵烷,0,ppb
東勢站,14,"1,2,3-三甲基苯",0.24,ppb
東勢站,14,間-二乙基苯,0,ppb
東勢站,14,對-二乙基苯,0,ppbv
東勢站,14,正十一烷,0,ppbv
麥寮站,14,乙烷,6.61,ppb
麥寮站,14,乙烯,3.58,ppb
麥寮站,14,丙烷,0.93,ppb
麥寮站,14,丙烯,5.49,ppb
麥寮站,14,異丁烷,0.53,ppb
麥寮站,14,正丁烷,1.55,ppb
麥寮站,14,乙炔,2.25,ppb
麥寮站,14,反2-丁烯,0.11,ppb
麥寮站,14,1-丁烯,0.77,ppb
麥寮站,14,順2-丁烯,0.19,ppb
麥寮站,14,環戊烷,0.23,ppb
麥寮站,14,異戊烷,0.68,ppb
麥寮站,14,正戊烷,0.58,ppb
麥寮站,14,反2-戊烯,0,ppb
麥寮站,14,1-戊烯,0,ppb
麥寮站,14,順2-戊烯,0,ppb
麥寮站,14,"2,2-二甲基丁烷",0,ppb
麥寮站,14,"2,3-二甲基丁烷",0.69,ppb
麥寮站,14,2-甲基戊烷,1.61,ppb
麥寮站,14,3-甲基戊烷,0,ppb
麥寮站,14,異戊二烯,4.2,ppb
麥寮站,14,正己烷,4.09,ppb
麥寮站,14,甲基環戊烷,0.78,ppb
麥寮站,14,"2,4-二甲基戊烷",0,ppb
麥寮站,14,苯,1.45,ppb
麥寮站,14,環己烷,0.3,ppb
麥寮站,14,2-甲基己烷,0.5,ppb
麥寮站,14,"2,3-二甲基戊烷",0.21,ppb
麥寮站,14,3-甲基己烷,0.55,ppb
麥寮站,14,"2,2,4-三甲基戊烷",0.12,ppb
麥寮站,14,正庚烷,1.7,ppb
麥寮站,14,甲基環己烷,0.99,ppb
麥寮站,14,"2,3,4-三甲基戊烷",0.06,ppb
麥寮站,14,甲苯,2.21,ppb
麥寮站,14,2-甲基庚烷,0.64,ppb
麥寮站,14,3-甲基庚烷,0.56,ppb
麥寮站,14,正辛烷,2.07,ppb
麥寮站,14,乙苯,0.78,ppb
麥寮站,14,"間,對二甲苯",2.53,ppb
麥寮站,14,苯乙烯,0.51,ppb
麥寮站,14,鄰二甲苯,0.92,ppb
麥寮站,14,正壬烷,1.15,ppb
麥寮站,14,異丙基苯,0.03,ppb
麥寮站,14,正丙基苯,0.1,ppb
麥寮站,14,間-乙基甲苯,0.24,ppb
麥寮站,14,對-乙基甲苯,0.17,ppb
麥寮站,14,"1,3,5-三甲基苯",0.12,ppb
麥寮站,14,鄰-乙基甲苯,0.14,ppb
麥寮站,14,"1,2,4-三甲基苯",0.49,ppb
麥寮站,14,葵烷,0.15,ppb
麥寮站,14,"1,2,3-三甲基苯",0.23,ppb
麥寮站,14,間-二乙基苯,0,ppb
麥寮站,14,對-二乙基苯,0,ppbv
麥寮站,14,正十一烷,0,ppbv
台西站,14,乙烷,---,ppb
台西站,14,乙烯,---,ppb
台西站,14,丙烷,---,ppb
台西站,14,丙烯,---,ppb
台西站,14,異丁烷,---,ppb
台西站,14,正丁烷,---,ppb
台西站,14,乙炔,---,ppb
台西站,14,反2-丁烯,---,ppb
台西站,14,1-丁烯,---,ppb
台西站,14,順2-丁烯,---,ppb
台西站,14,環戊烷,---,ppb
台西站,14,異戊烷,---,ppb
台西站,14,正戊烷,---,ppb
台西站,14,反2-戊烯,---,ppb
台西站,14,1-戊烯,---,ppb
台西站,14,順2-戊烯,---,ppb
台西站,14,"2,2-二甲基丁烷",---,ppb
台西站,14,"2,3-二甲基丁烷",---,ppb
台西站,14,2-甲基戊烷,---,ppb
台西站,14,3-甲基戊烷,---,ppb
台西站,14,異戊二烯,---,ppb
台西站,14,正己烷,---,ppb
台西站,14,甲基環戊烷,---,ppb
台西站,14,"2,4-二甲基戊烷",---,ppb
台西站,14,苯,---,ppb
台西站,14,環己烷,---,ppb
台西站,14,2-甲基己烷,---,ppb
台西站,14,"2,3-二甲基戊烷",---,ppb
台西站,14,3-甲基己烷,---,ppb
台西站,14,"2,2,4-三甲基戊烷",---,ppb
台西站,14,正庚烷,---,ppb
台西站,14,甲基環己烷,---,ppb
台西站,14,"2,3,4-三甲基戊烷",---,ppb
台西站,14,甲苯,---,ppb
台西站,14,2-甲基庚烷,---,ppb
台西站,14,3-甲基庚烷,---,ppb
台西站,14,正辛烷,---,ppb
台西站,14,乙苯,---,ppb
台西站,14,"間,對二甲苯",---,ppb
台西站,14,苯乙烯,---,ppb
台西站,14,鄰二甲苯,---,ppb
台西站,14,正壬烷,---,ppb
台西站,14,異丙基苯,---,ppb
台西站,14,正丙基苯,---,ppb
台西站,14,間-乙基甲苯,---,ppb
台西站,14,對-乙基甲苯,---,ppb
台西站,14,"1,3,5-三甲基苯",---,ppb
台西站,14,鄰-乙基甲苯,---,ppb
台西站,14,"1,2,4-三甲基苯",---,ppb
台西站,14,葵烷,---,ppb
台西站,14,"1,2,3-三甲基苯",---,ppb
台西站,14,間-二乙基苯,---,ppb
台西站,14,對-二乙基苯,---,ppbv
台西站,14,正十一烷,---,ppbv
土庫站,14,乙烷,1.18,ppb
土庫站,14,乙烯,0,ppb
土庫站,14,丙烷,0.55,ppb
土庫站,14,丙烯,0.04,ppb
土庫站,14,異丁烷,0.57,ppb
土庫站,14,正丁烷,0.67,ppb
土庫站,14,乙炔,2.51,ppb
土庫站,14,反2-丁烯,0.28,ppb
土庫站,14,1-丁烯,0.3,ppb
土庫站,14,順2-丁烯,0,ppb
土庫站,14,環戊烷,0.31,ppb
土庫站,14,異戊烷,0.56,ppb
土庫站,14,正戊烷,0.45,ppb
土庫站,14,反2-戊烯,0.16,ppb
土庫站,14,1-戊烯,0,ppb
土庫站,14,順2-戊烯,0,ppb
土庫站,14,"2,2-二甲基丁烷",0,ppb
土庫站,14,"2,3-二甲基丁烷",0,ppb
土庫站,14,2-甲基戊烷,0.23,ppb
土庫站,14,3-甲基戊烷,0.18,ppb
土庫站,14,異戊二烯,2.06,ppb
土庫站,14,正己烷,0,ppb
土庫站,14,甲基環戊烷,0,ppb
土庫站,14,"2,4-二甲基戊烷",0,ppb
土庫站,14,苯,0,ppb
土庫站,14,環己烷,0,ppb
土庫站,14,2-甲基己烷,0,ppb
土庫站,14,"2,3-二甲基戊烷",0,ppb
土庫站,14,3-甲基己烷,0,ppb
土庫站,14,"2,2,4-三甲基戊烷",0,ppb
土庫站,14,正庚烷,0,ppb
土庫站,14,甲基環己烷,0,ppb
土庫站,14,"2,3,4-三甲基戊烷",0,ppb
土庫站,14,甲苯,0.2,ppb
土庫站,14,2-甲基庚烷,0,ppb
土庫站,14,3-甲基庚烷,0,ppb
土庫站,14,正辛烷,0,ppb
土庫站,14,乙苯,0,ppb
土庫站,14,"間,對二甲苯",0.9,ppb
土庫站,14,苯乙烯,0,ppb
土庫站,14,鄰二甲苯,0,ppb
土庫站,14,正壬烷,0,ppb
土庫站,14,異丙基苯,0,ppb
土庫站,14,正丙基苯,0,ppb
土庫站,14,間-乙基甲苯,0,ppb
土庫站,14,對-乙基甲苯,0,ppb
土庫站,14,"1,3,5-三甲基苯",0,ppb
土庫站,14,鄰-乙基甲苯,0,ppb
土庫站,14,"1,2,4-三甲基苯",0.3,ppb
土庫站,14,葵烷,0,ppb
土庫站,14,"1,2,3-三甲基苯",0,ppb
土庫站,14,間-二乙基苯,0,ppb
土庫站,14,對-二乙基苯,0,ppbv
土庫站,14,正十一烷,0,ppbv
西螺站,14,乙烷,1.07,ppb
西螺站,14,乙烯,0,ppb
西螺站,14,丙烷,0.62,ppb
西螺站,14,丙烯,0,ppb
西螺站,14,異丁烷,0.39,ppb
西螺站,14,正丁烷,0.63,ppb
西螺站,14,乙炔,0,ppb
西螺站,14,反2-丁烯,0,ppb
西螺站,14,1-丁烯,0.24,ppb
西螺站,14,順2-丁烯,0,ppb
西螺站,14,環戊烷,0,ppb
西螺站,14,異戊烷,0.71,ppb
西螺站,14,正戊烷,0.37,ppb
西螺站,14,反2-戊烯,0,ppb
西螺站,14,1-戊烯,0,ppb
西螺站,14,順2-戊烯,0,ppb
西螺站,14,"2,2-二甲基丁烷",0,ppb
西螺站,14,"2,3-二甲基丁烷",0,ppb
西螺站,14,2-甲基戊烷,0.15,ppb
西螺站,14,3-甲基戊烷,0,ppb
西螺站,14,異戊二烯,1.6,ppb
西螺站,14,正己烷,0,ppb
西螺站,14,甲基環戊烷,0,ppb
西螺站,14,"2,4-二甲基戊烷",0,ppb
西螺站,14,苯,0.53,ppb
西螺站,14,環己烷,0,ppb
西螺站,14,2-甲基己烷,0,ppb
西螺站,14,"2,3-二甲基戊烷",0,ppb
西螺站,14,3-甲基己烷,0.11,ppb
西螺站,14,"2,2,4-三甲基戊烷",0,ppb
西螺站,14,正庚烷,0,ppb
西螺站,14,甲基環己烷,0.03,ppb
西螺站,14,"2,3,4-三甲基戊烷",0,ppb
西螺站,14,甲苯,2.11,ppb
西螺站,14,2-甲基庚烷,0,ppb
西螺站,14,3-甲基庚烷,0,ppb
西螺站,14,正辛烷,0.04,ppb
西螺站,14,乙苯,0.19,ppb
西螺站,14,"間,對二甲苯",0.56,ppb
西螺站,14,苯乙烯,0,ppb
西螺站,14,鄰二甲苯,0.06,ppb
西螺站,14,正壬烷,0.01,ppb
西螺站,14,異丙基苯,0.01,ppb
西螺站,14,正丙基苯,0.01,ppb
西螺站,14,間-乙基甲苯,0.03,ppb
西螺站,14,對-乙基甲苯,0,ppb
西螺站,14,"1,3,5-三甲基苯",0.01,ppb
西螺站,14,鄰-乙基甲苯,0.01,ppb
西螺站,14,"1,2,4-三甲基苯",0,ppb
西螺站,14,葵烷,0.02,ppb
西螺站,14,"1,2,3-三甲基苯",0.06,ppb
西螺站,14,間-二乙基苯,0.01,ppb
西螺站,14,對-二乙基苯,0.01,ppbv
西螺站,14,正十一烷,0.01,ppbv
大城站,15,乙烷,0.42,ppb
大城站,15,乙烯,0,ppb
大城站,15,丙烷,0,ppb
大城站,15,丙烯,0,ppb
大城站,15,異丁烷,0,ppb
大城站,15,正丁烷,0,ppb
大城站,15,乙炔,0,ppb
大城站,15,反2-丁烯,0,ppb
大城站,15,1-丁烯,0.36,ppb
大城站,15,順2-丁烯,0,ppb
大城站,15,環戊烷,0,ppb
大城站,15,異戊烷,0.23,ppb
大城站,15,正戊烷,0.11,ppb
大城站,15,反2-戊烯,0,ppb
大城站,15,1-戊烯,0,ppb
大城站,15,順2-戊烯,0,ppb
大城站,15,"2,2-二甲基丁烷",0,ppb
大城站,15,"2,3-二甲基丁烷",0,ppb
大城站,15,2-甲基戊烷,0,ppb
大城站,15,3-甲基戊烷,0,ppb
大城站,15,異戊二烯,2.17,ppb
大城站,15,正己烷,0,ppb
大城站,15,甲基環戊烷,0,ppb
大城站,15,"2,4-二甲基戊烷",0,ppb
大城站,15,苯,0,ppb
大城站,15,環己烷,0,ppb
大城站,15,2-甲基己烷,0,ppb
大城站,15,"2,3-二甲基戊烷",0,ppb
大城站,15,3-甲基己烷,0,ppb
大城站,15,"2,2,4-三甲基戊烷",0,ppb
大城站,15,正庚烷,0,ppb
大城站,15,甲基環己烷,0,ppb
大城站,15,"2,3,4-三甲基戊烷",0,ppb
大城站,15,甲苯,0,ppb
大城站,15,2-甲基庚烷,0,ppb
大城站,15,3-甲基庚烷,0,ppb
大城站,15,正辛烷,0,ppb
大城站,15,乙苯,0,ppb
大城站,15,"間,對二甲苯",0,ppb
大城站,15,苯乙烯,0,ppb
大城站,15,鄰二甲苯,0,ppb
大城站,15,正壬烷,0,ppb
大城站,15,異丙基苯,0,ppb
大城站,15,正丙基苯,0,ppb
大城站,15,間-乙基甲苯,0,ppb
大城站,15,對-乙基甲苯,0,ppb
大城站,15,"1,3,5-三甲基苯",0,ppb
大城站,15,鄰-乙基甲苯,0,ppb
大城站,15,"1,2,4-三甲基苯",0,ppb
大城站,15,葵烷,0,ppb
大城站,15,"1,2,3-三甲基苯",0,ppb
大城站,15,間-二乙基苯,0,ppb
大城站,15,對-二乙基苯,0,ppbv
大城站,15,正十一烷,0,ppbv
東石站,15,乙烷,0.44,ppb
東石站,15,乙烯,0.23,ppb
東石站,15,丙烷,0.17,ppb
東石站,15,丙烯,0,ppb
東石站,15,異丁烷,0,ppb
東石站,15,正丁烷,0.29,ppb
東石站,15,乙炔,0,ppb
東石站,15,反2-丁烯,0,ppb
東石站,15,1-丁烯,0.55,ppb
東石站,15,順2-丁烯,0,ppb
東石站,15,環戊烷,0,ppb
東石站,15,異戊烷,0.33,ppb
東石站,15,正戊烷,0,ppb
東石站,15,反2-戊烯,0,ppb
東石站,15,1-戊烯,0,ppb
東石站,15,順2-戊烯,0,ppb
東石站,15,"2,2-二甲基丁烷",0,ppb
東石站,15,"2,3-二甲基丁烷",0,ppb
東石站,15,2-甲基戊烷,0,ppb
東石站,15,3-甲基戊烷,0,ppb
東石站,15,異戊二烯,2.46,ppb
東石站,15,正己烷,0,ppb
東石站,15,甲基環戊烷,0,ppb
東石站,15,"2,4-二甲基戊烷",0,ppb
東石站,15,苯,0,ppb
東石站,15,環己烷,0,ppb
東石站,15,2-甲基己烷,0,ppb
東石站,15,"2,3-二甲基戊烷",0,ppb
東石站,15,3-甲基己烷,0,ppb
東石站,15,"2,2,4-三甲基戊烷",0,ppb
東石站,15,正庚烷,0,ppb
東石站,15,甲基環己烷,0,ppb
東石站,15,"2,3,4-三甲基戊烷",0,ppb
東石站,15,甲苯,0.3,ppb
東石站,15,2-甲基庚烷,0,ppb
東石站,15,3-甲基庚烷,0,ppb
東石站,15,正辛烷,0,ppb
東石站,15,乙苯,0,ppb
東石站,15,"間,對二甲苯",0,ppb
東石站,15,苯乙烯,0,ppb
東石站,15,鄰二甲苯,0,ppb
東石站,15,正壬烷,0,ppb
東石站,15,異丙基苯,0,ppb
東石站,15,正丙基苯,0,ppb
東石站,15,間-乙基甲苯,0,ppb
東石站,15,對-乙基甲苯,0,ppb
東石站,15,"1,3,5-三甲基苯",0,ppb
東石站,15,鄰-乙基甲苯,0,ppb
東石站,15,"1,2,4-三甲基苯",0,ppb
東石站,15,葵烷,0,ppb
東石站,15,"1,2,3-三甲基苯",0,ppb
東石站,15,間-二乙基苯,0,ppb
東石站,15,對-二乙基苯,0,ppbv
東石站,15,正十一烷,0,ppbv
褒忠站,15,乙烷,0.51,ppb
褒忠站,15,乙烯,0.21,ppb
褒忠站,15,丙烷,0,ppb
褒忠站,15,丙烯,0,ppb
褒忠站,15,異丁烷,0,ppb
褒忠站,15,正丁烷,0.26,ppb
褒忠站,15,乙炔,0,ppb
褒忠站,15,反2-丁烯,0,ppb
褒忠站,15,1-丁烯,1.33,ppb
褒忠站,15,順2-丁烯,0,ppb
褒忠站,15,環戊烷,0.75,ppb
褒忠站,15,異戊烷,0.68,ppb
褒忠站,15,正戊烷,0.12,ppb
褒忠站,15,反2-戊烯,0,ppb
褒忠站,15,1-戊烯,0,ppb
褒忠站,15,順2-戊烯,0,ppb
褒忠站,15,"2,2-二甲基丁烷",0,ppb
褒忠站,15,"2,3-二甲基丁烷",0.2,ppb
褒忠站,15,2-甲基戊烷,0.18,ppb
褒忠站,15,3-甲基戊烷,0,ppb
褒忠站,15,異戊二烯,3.7,ppb
褒忠站,15,正己烷,0.33,ppb
褒忠站,15,甲基環戊烷,0,ppb
褒忠站,15,"2,4-二甲基戊烷",0,ppb
褒忠站,15,苯,0.37,ppb
褒忠站,15,環己烷,0.02,ppb
褒忠站,15,2-甲基己烷,0.59,ppb
褒忠站,15,"2,3-二甲基戊烷",0.25,ppb
褒忠站,15,3-甲基己烷,0.31,ppb
褒忠站,15,"2,2,4-三甲基戊烷",0.05,ppb
褒忠站,15,正庚烷,0.28,ppb
褒忠站,15,甲基環己烷,0.06,ppb
褒忠站,15,"2,3,4-三甲基戊烷",0.13,ppb
褒忠站,15,甲苯,0.62,ppb
褒忠站,15,2-甲基庚烷,0,ppb
褒忠站,15,3-甲基庚烷,0.04,ppb
褒忠站,15,正辛烷,0.06,ppb
褒忠站,15,乙苯,0.04,ppb
褒忠站,15,"間,對二甲苯",0.24,ppb
褒忠站,15,苯乙烯,0.1,ppb
褒忠站,15,鄰二甲苯,0.12,ppb
褒忠站,15,正壬烷,0.02,ppb
褒忠站,15,異丙基苯,0,ppb
褒忠站,15,正丙基苯,0.02,ppb
褒忠站,15,間-乙基甲苯,0,ppb
褒忠站,15,對-乙基甲苯,0,ppb
褒忠站,15,"1,3,5-三甲基苯",0.04,ppb
褒忠站,15,鄰-乙基甲苯,0.03,ppb
褒忠站,15,"1,2,4-三甲基苯",0.26,ppb
褒忠站,15,葵烷,0,ppb
褒忠站,15,"1,2,3-三甲基苯",0.47,ppb
褒忠站,15,間-二乙基苯,0.06,ppb
褒忠站,15,對-二乙基苯,0.02,ppbv
褒忠站,15,正十一烷,0.02,ppbv
崙背站,15,乙烷,0.49,ppb
崙背站,15,乙烯,0.21,ppb
崙背站,15,丙烷,0.97,ppb
崙背站,15,丙烯,0,ppb
崙背站,15,異丁烷,0.57,ppb
崙背站,15,正丁烷,0.87,ppb
崙背站,15,乙炔,0.81,ppb
崙背站,15,反2-丁烯,0.22,ppb
崙背站,15,1-丁烯,0.38,ppb
崙背站,15,順2-丁烯,0,ppb
崙背站,15,環戊烷,0.18,ppb
崙背站,15,異戊烷,0.61,ppb
崙背站,15,正戊烷,0.22,ppb
崙背站,15,反2-戊烯,0,ppb
崙背站,15,1-戊烯,0,ppb
崙背站,15,順2-戊烯,0,ppb
崙背站,15,"2,2-二甲基丁烷",0,ppb
崙背站,15,"2,3-二甲基丁烷",0,ppb
崙背站,15,2-甲基戊烷,0,ppb
崙背站,15,3-甲基戊烷,0,ppb
崙背站,15,異戊二烯,1.46,ppb
崙背站,15,正己烷,0,ppb
崙背站,15,甲基環戊烷,0,ppb
崙背站,15,"2,4-二甲基戊烷",0,ppb
崙背站,15,苯,0,ppb
崙背站,15,環己烷,0,ppb
崙背站,15,2-甲基己烷,0,ppb
崙背站,15,"2,3-二甲基戊烷",0,ppb
崙背站,15,3-甲基己烷,0,ppb
崙背站,15,"2,2,4-三甲基戊烷",0,ppb
崙背站,15,正庚烷,0,ppb
崙背站,15,甲基環己烷,0,ppb
崙背站,15,"2,3,4-三甲基戊烷",0,ppb
崙背站,15,甲苯,0,ppb
崙背站,15,2-甲基庚烷,0,ppb
崙背站,15,3-甲基庚烷,0,ppb
崙背站,15,正辛烷,0,ppb
崙背站,15,乙苯,0,ppb
崙背站,15,"間,對二甲苯",0,ppb
崙背站,15,苯乙烯,0,ppb
崙背站,15,鄰二甲苯,0,ppb
崙背站,15,正壬烷,0,ppb
崙背站,15,異丙基苯,0,ppb
崙背站,15,正丙基苯,0,ppb
崙背站,15,間-乙基甲苯,0,ppb
崙背站,15,對-乙基甲苯,0,ppb
崙背站,15,"1,3,5-三甲基苯",0,ppb
崙背站,15,鄰-乙基甲苯,0,ppb
崙背站,15,"1,2,4-三甲基苯",0,ppb
崙背站,15,葵烷,0,ppb
崙背站,15,"1,2,3-三甲基苯",0,ppb
崙背站,15,間-二乙基苯,0,ppb
崙背站,15,對-二乙基苯,0,ppbv
崙背站,15,正十一烷,0,ppbv
四湖站,15,乙烷,1,ppb
四湖站,15,乙烯,0.69,ppb
四湖站,15,丙烷,0.7,ppb
四湖站,15,丙烯,0.95,ppb
四湖站,15,異丁烷,0.45,ppb
四湖站,15,正丁烷,1.13,ppb
四湖站,15,乙炔,0.8,ppb
四湖站,15,反2-丁烯,0.16,ppb
四湖站,15,1-丁烯,1.77,ppb
四湖站,15,順2-丁烯,0,ppb
四湖站,15,環戊烷,0,ppb
四湖站,15,異戊烷,2.11,ppb
四湖站,15,正戊烷,0.78,ppb
四湖站,15,反2-戊烯,0,ppb
四湖站,15,1-戊烯,0,ppb
四湖站,15,順2-戊烯,0,ppb
四湖站,15,"2,2-二甲基丁烷",0,ppb
四湖站,15,"2,3-二甲基丁烷",0,ppb
四湖站,15,2-甲基戊烷,0.24,ppb
四湖站,15,3-甲基戊烷,0.15,ppb
四湖站,15,異戊二烯,2.72,ppb
四湖站,15,正己烷,0,ppb
四湖站,15,甲基環戊烷,0,ppb
四湖站,15,"2,4-二甲基戊烷",0,ppb
四湖站,15,苯,0.81,ppb
四湖站,15,環己烷,0,ppb
四湖站,15,2-甲基己烷,0,ppb
四湖站,15,"2,3-二甲基戊烷",0,ppb
四湖站,15,3-甲基己烷,0,ppb
四湖站,15,"2,2,4-三甲基戊烷",0,ppb
四湖站,15,正庚烷,0,ppb
四湖站,15,甲基環己烷,0,ppb
四湖站,15,"2,3,4-三甲基戊烷",0,ppb
四湖站,15,甲苯,1.07,ppb
四湖站,15,2-甲基庚烷,0,ppb
四湖站,15,3-甲基庚烷,0,ppb
四湖站,15,正辛烷,0,ppb
四湖站,15,乙苯,0,ppb
四湖站,15,"間,對二甲苯",0.93,ppb
四湖站,15,苯乙烯,0,ppb
四湖站,15,鄰二甲苯,0.14,ppb
四湖站,15,正壬烷,0,ppb
四湖站,15,異丙基苯,0,ppb
四湖站,15,正丙基苯,0,ppb
四湖站,15,間-乙基甲苯,0,ppb
四湖站,15,對-乙基甲苯,0,ppb
四湖站,15,"1,3,5-三甲基苯",0,ppb
四湖站,15,鄰-乙基甲苯,0,ppb
四湖站,15,"1,2,4-三甲基苯",0,ppb
四湖站,15,葵烷,0,ppb
四湖站,15,"1,2,3-三甲基苯",0,ppb
四湖站,15,間-二乙基苯,0,ppb
四湖站,15,對-二乙基苯,0,ppbv
四湖站,15,正十一烷,0,ppbv
東勢站,15,乙烷,0.56,ppb
東勢站,15,乙烯,0.84,ppb
東勢站,15,丙烷,0,ppb
東勢站,15,丙烯,0.3,ppb
東勢站,15,異丁烷,0.75,ppb
東勢站,15,正丁烷,1.25,ppb
東勢站,15,乙炔,2.85,ppb
東勢站,15,反2-丁烯,0.45,ppb
東勢站,15,1-丁烯,0.48,ppb
東勢站,15,順2-丁烯,0.17,ppb
東勢站,15,環戊烷,0,ppb
東勢站,15,異戊烷,1.75,ppb
東勢站,15,正戊烷,0.69,ppb
東勢站,15,反2-戊烯,0.39,ppb
東勢站,15,1-戊烯,0.19,ppb
東勢站,15,順2-戊烯,0.3,ppb
東勢站,15,"2,2-二甲基丁烷",0,ppb
東勢站,15,"2,3-二甲基丁烷",0.17,ppb
東勢站,15,2-甲基戊烷,0.32,ppb
東勢站,15,3-甲基戊烷,0.19,ppb
東勢站,15,異戊二烯,2.3,ppb
東勢站,15,正己烷,0,ppb
東勢站,15,甲基環戊烷,0,ppb
東勢站,15,"2,4-二甲基戊烷",0,ppb
東勢站,15,苯,0,ppb
東勢站,15,環己烷,0,ppb
東勢站,15,2-甲基己烷,0,ppb
東勢站,15,"2,3-二甲基戊烷",0,ppb
東勢站,15,3-甲基己烷,0.03,ppb
東勢站,15,"2,2,4-三甲基戊烷",0,ppb
東勢站,15,正庚烷,0,ppb
東勢站,15,甲基環己烷,0,ppb
東勢站,15,"2,3,4-三甲基戊烷",0,ppb
東勢站,15,甲苯,1.7,ppb
東勢站,15,2-甲基庚烷,0,ppb
東勢站,15,3-甲基庚烷,0,ppb
東勢站,15,正辛烷,0,ppb
東勢站,15,乙苯,0.48,ppb
東勢站,15,"間,對二甲苯",1.5,ppb
東勢站,15,苯乙烯,0,ppb
東勢站,15,鄰二甲苯,0.47,ppb
東勢站,15,正壬烷,0,ppb
東勢站,15,異丙基苯,0,ppb
東勢站,15,正丙基苯,0,ppb
東勢站,15,間-乙基甲苯,0.2,ppb
東勢站,15,對-乙基甲苯,0,ppb
東勢站,15,"1,3,5-三甲基苯",0,ppb
東勢站,15,鄰-乙基甲苯,0.07,ppb
東勢站,15,"1,2,4-三甲基苯",0.53,ppb
東勢站,15,葵烷,0,ppb
東勢站,15,"1,2,3-三甲基苯",0.25,ppb
東勢站,15,間-二乙基苯,0,ppb
東勢站,15,對-二乙基苯,0,ppbv
東勢站,15,正十一烷,0,ppbv
麥寮站,15,乙烷,1.53,ppb
麥寮站,15,乙烯,1.37,ppb
麥寮站,15,丙烷,0.17,ppb
麥寮站,15,丙烯,1.17,ppb
麥寮站,15,異丁烷,0,ppb
麥寮站,15,正丁烷,1.15,ppb
麥寮站,15,乙炔,1.48,ppb
麥寮站,15,反2-丁烯,0,ppb
麥寮站,15,1-丁烯,0.68,ppb
麥寮站,15,順2-丁烯,0,ppb
麥寮站,15,環戊烷,0,ppb
麥寮站,15,異戊烷,0.37,ppb
麥寮站,15,正戊烷,0.28,ppb
麥寮站,15,反2-戊烯,0,ppb
麥寮站,15,1-戊烯,0,ppb
麥寮站,15,順2-戊烯,0,ppb
麥寮站,15,"2,2-二甲基丁烷",0,ppb
麥寮站,15,"2,3-二甲基丁烷",0.35,ppb
麥寮站,15,2-甲基戊烷,0.69,ppb
麥寮站,15,3-甲基戊烷,0,ppb
麥寮站,15,異戊二烯,3.43,ppb
麥寮站,15,正己烷,1.51,ppb
麥寮站,15,甲基環戊烷,0.45,ppb
麥寮站,15,"2,4-二甲基戊烷",0.04,ppb
麥寮站,15,苯,0.1,ppb
麥寮站,15,環己烷,0.21,ppb
麥寮站,15,2-甲基己烷,0.32,ppb
麥寮站,15,"2,3-二甲基戊烷",0.14,ppb
麥寮站,15,3-甲基己烷,0.46,ppb
麥寮站,15,"2,2,4-三甲基戊烷",0.11,ppb
麥寮站,15,正庚烷,1.16,ppb
麥寮站,15,甲基環己烷,0.59,ppb
麥寮站,15,"2,3,4-三甲基戊烷",0,ppb
麥寮站,15,甲苯,1.53,ppb
麥寮站,15,2-甲基庚烷,0.27,ppb
麥寮站,15,3-甲基庚烷,0.47,ppb
麥寮站,15,正辛烷,1.07,ppb
麥寮站,15,乙苯,0.57,ppb
麥寮站,15,"間,對二甲苯",1.28,ppb
麥寮站,15,苯乙烯,0.19,ppb
麥寮站,15,鄰二甲苯,0.61,ppb
麥寮站,15,正壬烷,0.64,ppb
麥寮站,15,異丙基苯,0,ppb
麥寮站,15,正丙基苯,0,ppb
麥寮站,15,間-乙基甲苯,0.26,ppb
麥寮站,15,對-乙基甲苯,0.11,ppb
麥寮站,15,"1,3,5-三甲基苯",0.08,ppb
麥寮站,15,鄰-乙基甲苯,0.04,ppb
麥寮站,15,"1,2,4-三甲基苯",0.43,ppb
麥寮站,15,葵烷,0.14,ppb
麥寮站,15,"1,2,3-三甲基苯",0.16,ppb
麥寮站,15,間-二乙基苯,0,ppb
麥寮站,15,對-二乙基苯,0.02,ppbv
麥寮站,15,正十一烷,0.02,ppbv
台西站,15,乙烷,---,ppb
台西站,15,乙烯,---,ppb
台西站,15,丙烷,---,ppb
台西站,15,丙烯,---,ppb
台西站,15,異丁烷,---,ppb
台西站,15,正丁烷,---,ppb
台西站,15,乙炔,---,ppb
台西站,15,反2-丁烯,---,ppb
台西站,15,1-丁烯,---,ppb
台西站,15,順2-丁烯,---,ppb
台西站,15,環戊烷,---,ppb
台西站,15,異戊烷,---,ppb
台西站,15,正戊烷,---,ppb
台西站,15,反2-戊烯,---,ppb
台西站,15,1-戊烯,---,ppb
台西站,15,順2-戊烯,---,ppb
台西站,15,"2,2-二甲基丁烷",---,ppb
台西站,15,"2,3-二甲基丁烷",---,ppb
台西站,15,2-甲基戊烷,---,ppb
台西站,15,3-甲基戊烷,---,ppb
台西站,15,異戊二烯,---,ppb
台西站,15,正己烷,---,ppb
台西站,15,甲基環戊烷,---,ppb
台西站,15,"2,4-二甲基戊烷",---,ppb
台西站,15,苯,---,ppb
台西站,15,環己烷,---,ppb
台西站,15,2-甲基己烷,---,ppb
台西站,15,"2,3-二甲基戊烷",---,ppb
台西站,15,3-甲基己烷,---,ppb
台西站,15,"2,2,4-三甲基戊烷",---,ppb
台西站,15,正庚烷,---,ppb
台西站,15,甲基環己烷,---,ppb
台西站,15,"2,3,4-三甲基戊烷",---,ppb
台西站,15,甲苯,---,ppb
台西站,15,2-甲基庚烷,---,ppb
台西站,15,3-甲基庚烷,---,ppb
台西站,15,正辛烷,---,ppb
台西站,15,乙苯,---,ppb
台西站,15,"間,對二甲苯",---,ppb
台西站,15,苯乙烯,---,ppb
台西站,15,鄰二甲苯,---,ppb
台西站,15,正壬烷,---,ppb
台西站,15,異丙基苯,---,ppb
台西站,15,正丙基苯,---,ppb
台西站,15,間-乙基甲苯,---,ppb
台西站,15,對-乙基甲苯,---,ppb
台西站,15,"1,3,5-三甲基苯",---,ppb
台西站,15,鄰-乙基甲苯,---,ppb
台西站,15,"1,2,4-三甲基苯",---,ppb
台西站,15,葵烷,---,ppb
台西站,15,"1,2,3-三甲基苯",---,ppb
台西站,15,間-二乙基苯,---,ppb
台西站,15,對-二乙基苯,---,ppbv
台西站,15,正十一烷,---,ppbv
土庫站,15,乙烷,0.84,ppb
土庫站,15,乙烯,0,ppb
土庫站,15,丙烷,0.51,ppb
土庫站,15,丙烯,0,ppb
土庫站,15,異丁烷,0.41,ppb
土庫站,15,正丁烷,0.6,ppb
土庫站,15,乙炔,4.68,ppb
土庫站,15,反2-丁烯,0.06,ppb
土庫站,15,1-丁烯,0.29,ppb
土庫站,15,順2-丁烯,0.16,ppb
土庫站,15,環戊烷,0.26,ppb
土庫站,15,異戊烷,0.65,ppb
土庫站,15,正戊烷,0.34,ppb
土庫站,15,反2-戊烯,0.03,ppb
土庫站,15,1-戊烯,0.07,ppb
土庫站,15,順2-戊烯,0,ppb
土庫站,15,"2,2-二甲基丁烷",0,ppb
土庫站,15,"2,3-二甲基丁烷",0.14,ppb
土庫站,15,2-甲基戊烷,0.19,ppb
土庫站,15,3-甲基戊烷,0,ppb
土庫站,15,異戊二烯,1.63,ppb
土庫站,15,正己烷,0,ppb
土庫站,15,甲基環戊烷,0,ppb
土庫站,15,"2,4-二甲基戊烷",0,ppb
土庫站,15,苯,0,ppb
土庫站,15,環己烷,0,ppb
土庫站,15,2-甲基己烷,0,ppb
土庫站,15,"2,3-二甲基戊烷",0,ppb
土庫站,15,3-甲基己烷,0,ppb
土庫站,15,"2,2,4-三甲基戊烷",0,ppb
土庫站,15,正庚烷,0,ppb
土庫站,15,甲基環己烷,0,ppb
土庫站,15,"2,3,4-三甲基戊烷",0,ppb
土庫站,15,甲苯,7.16,ppb
土庫站,15,2-甲基庚烷,0,ppb
土庫站,15,3-甲基庚烷,0,ppb
土庫站,15,正辛烷,0,ppb
土庫站,15,乙苯,0,ppb
土庫站,15,"間,對二甲苯",2.12,ppb
土庫站,15,苯乙烯,0,ppb
土庫站,15,鄰二甲苯,0.65,ppb
土庫站,15,正壬烷,0,ppb
土庫站,15,異丙基苯,0,ppb
土庫站,15,正丙基苯,0,ppb
土庫站,15,間-乙基甲苯,0,ppb
土庫站,15,對-乙基甲苯,0,ppb
土庫站,15,"1,3,5-三甲基苯",0,ppb
土庫站,15,鄰-乙基甲苯,0,ppb
土庫站,15,"1,2,4-三甲基苯",0.48,ppb
土庫站,15,葵烷,0,ppb
土庫站,15,"1,2,3-三甲基苯",0,ppb
土庫站,15,間-二乙基苯,0,ppb
土庫站,15,對-二乙基苯,0,ppbv
土庫站,15,正十一烷,0,ppbv
西螺站,15,乙烷,0.63,ppb
西螺站,15,乙烯,0.52,ppb
西螺站,15,丙烷,0.3,ppb
西螺站,15,丙烯,0.33,ppb
西螺站,15,異丁烷,0.22,ppb
西螺站,15,正丁烷,0.56,ppb
西螺站,15,乙炔,0.78,ppb
西螺站,15,反2-丁烯,0,ppb
西螺站,15,1-丁烯,0.23,ppb
西螺站,15,順2-丁烯,0,ppb
西螺站,15,環戊烷,0.15,ppb
西螺站,15,異戊烷,0.95,ppb
西螺站,15,正戊烷,0.5,ppb
西螺站,15,反2-戊烯,0,ppb
西螺站,15,1-戊烯,0,ppb
西螺站,15,順2-戊烯,0,ppb
西螺站,15,"2,2-二甲基丁烷",0,ppb
西螺站,15,"2,3-二甲基丁烷",0,ppb
西螺站,15,2-甲基戊烷,0.21,ppb
西螺站,15,3-甲基戊烷,0,ppb
西螺站,15,異戊二烯,1.2,ppb
西螺站,15,正己烷,0,ppb
西螺站,15,甲基環戊烷,0.08,ppb
西螺站,15,"2,4-二甲基戊烷",0.06,ppb
西螺站,15,苯,0.14,ppb
西螺站,15,環己烷,0.08,ppb
西螺站,15,2-甲基己烷,0,ppb
西螺站,15,"2,3-二甲基戊烷",0,ppb
西螺站,15,3-甲基己烷,0,ppb
西螺站,15,"2,2,4-三甲基戊烷",0.26,ppb
西螺站,15,正庚烷,0,ppb
西螺站,15,甲基環己烷,0.09,ppb
西螺站,15,"2,3,4-三甲基戊烷",0,ppb
西螺站,15,甲苯,3.09,ppb
西螺站,15,2-甲基庚烷,0,ppb
西螺站,15,3-甲基庚烷,0,ppb
西螺站,15,正辛烷,0,ppb
西螺站,15,乙苯,0.25,ppb
西螺站,15,"間,對二甲苯",0.73,ppb
西螺站,15,苯乙烯,0.01,ppb
西螺站,15,鄰二甲苯,0.21,ppb
西螺站,15,正壬烷,0,ppb
西螺站,15,異丙基苯,0,ppb
西螺站,15,正丙基苯,0.01,ppb
西螺站,15,間-乙基甲苯,0.04,ppb
西螺站,15,對-乙基甲苯,0,ppb
西螺站,15,"1,3,5-三甲基苯",0.01,ppb
西螺站,15,鄰-乙基甲苯,0.02,ppb
西螺站,15,"1,2,4-三甲基苯",0.02,ppb
西螺站,15,葵烷,0.01,ppb
西螺站,15,"1,2,3-三甲基苯",0.01,ppb
西螺站,15,間-二乙基苯,0.01,ppb
西螺站,15,對-二乙基苯,0.01,ppbv
西螺站,15,正十一烷,0.02,ppbv
大城站,16,乙烷,0.6,ppb
大城站,16,乙烯,0,ppb
大城站,16,丙烷,0,ppb
大城站,16,丙烯,0.19,ppb
大城站,16,異丁烷,0,ppb
大城站,16,正丁烷,0,ppb
大城站,16,乙炔,0,ppb
大城站,16,反2-丁烯,0.11,ppb
大城站,16,1-丁烯,0.2,ppb
大城站,16,順2-丁烯,0,ppb
大城站,16,環戊烷,0,ppb
大城站,16,異戊烷,0,ppb
大城站,16,正戊烷,0.2,ppb
大城站,16,反2-戊烯,0,ppb
大城站,16,1-戊烯,0,ppb
大城站,16,順2-戊烯,0,ppb
大城站,16,"2,2-二甲基丁烷",0,ppb
大城站,16,"2,3-二甲基丁烷",0,ppb
大城站,16,2-甲基戊烷,0,ppb
大城站,16,3-甲基戊烷,0,ppb
大城站,16,異戊二烯,1.46,ppb
大城站,16,正己烷,0,ppb
大城站,16,甲基環戊烷,0,ppb
大城站,16,"2,4-二甲基戊烷",0,ppb
大城站,16,苯,0,ppb
大城站,16,環己烷,0,ppb
大城站,16,2-甲基己烷,0,ppb
大城站,16,"2,3-二甲基戊烷",0,ppb
大城站,16,3-甲基己烷,0,ppb
大城站,16,"2,2,4-三甲基戊烷",0,ppb
大城站,16,正庚烷,0,ppb
大城站,16,甲基環己烷,0,ppb
大城站,16,"2,3,4-三甲基戊烷",0,ppb
大城站,16,甲苯,0,ppb
大城站,16,2-甲基庚烷,0,ppb
大城站,16,3-甲基庚烷,0,ppb
大城站,16,正辛烷,0,ppb
大城站,16,乙苯,0,ppb
大城站,16,"間,對二甲苯",0,ppb
大城站,16,苯乙烯,0,ppb
大城站,16,鄰二甲苯,0,ppb
大城站,16,正壬烷,0,ppb
大城站,16,異丙基苯,0,ppb
大城站,16,正丙基苯,0,ppb
大城站,16,間-乙基甲苯,0,ppb
大城站,16,對-乙基甲苯,0,ppb
大城站,16,"1,3,5-三甲基苯",0,ppb
大城站,16,鄰-乙基甲苯,0,ppb
大城站,16,"1,2,4-三甲基苯",0,ppb
大城站,16,葵烷,0,ppb
大城站,16,"1,2,3-三甲基苯",0,ppb
大城站,16,間-二乙基苯,0,ppb
大城站,16,對-二乙基苯,0,ppbv
大城站,16,正十一烷,0,ppbv
東石站,16,乙烷,0.49,ppb
東石站,16,乙烯,0.32,ppb
東石站,16,丙烷,0,ppb
東石站,16,丙烯,0,ppb
東石站,16,異丁烷,0,ppb
東石站,16,正丁烷,0.3,ppb
東石站,16,乙炔,0,ppb
東石站,16,反2-丁烯,0,ppb
東石站,16,1-丁烯,0.45,ppb
東石站,16,順2-丁烯,0,ppb
東石站,16,環戊烷,0,ppb
東石站,16,異戊烷,0.4,ppb
東石站,16,正戊烷,0,ppb
東石站,16,反2-戊烯,0,ppb
東石站,16,1-戊烯,0,ppb
東石站,16,順2-戊烯,0,ppb
東石站,16,"2,2-二甲基丁烷",0,ppb
東石站,16,"2,3-二甲基丁烷",0,ppb
東石站,16,2-甲基戊烷,0,ppb
東石站,16,3-甲基戊烷,0,ppb
東石站,16,異戊二烯,2.3,ppb
東石站,16,正己烷,0,ppb
東石站,16,甲基環戊烷,0,ppb
東石站,16,"2,4-二甲基戊烷",0,ppb
東石站,16,苯,0,ppb
東石站,16,環己烷,0,ppb
東石站,16,2-甲基己烷,0,ppb
東石站,16,"2,3-二甲基戊烷",0,ppb
東石站,16,3-甲基己烷,0,ppb
東石站,16,"2,2,4-三甲基戊烷",0,ppb
東石站,16,正庚烷,0,ppb
東石站,16,甲基環己烷,0,ppb
東石站,16,"2,3,4-三甲基戊烷",0,ppb
東石站,16,甲苯,0,ppb
東石站,16,2-甲基庚烷,0,ppb
東石站,16,3-甲基庚烷,0,ppb
東石站,16,正辛烷,0,ppb
東石站,16,乙苯,0,ppb
東石站,16,"間,對二甲苯",0,ppb
東石站,16,苯乙烯,0,ppb
東石站,16,鄰二甲苯,0,ppb
東石站,16,正壬烷,0,ppb
東石站,16,異丙基苯,0,ppb
東石站,16,正丙基苯,0,ppb
東石站,16,間-乙基甲苯,0,ppb
東石站,16,對-乙基甲苯,0,ppb
東石站,16,"1,3,5-三甲基苯",0,ppb
東石站,16,鄰-乙基甲苯,0,ppb
東石站,16,"1,2,4-三甲基苯",0,ppb
東石站,16,葵烷,0,ppb
東石站,16,"1,2,3-三甲基苯",0,ppb
東石站,16,間-二乙基苯,0,ppb
東石站,16,對-二乙基苯,0,ppbv
東石站,16,正十一烷,0,ppbv
褒忠站,16,乙烷,0.44,ppb
褒忠站,16,乙烯,0,ppb
褒忠站,16,丙烷,0,ppb
褒忠站,16,丙烯,0,ppb
褒忠站,16,異丁烷,0,ppb
褒忠站,16,正丁烷,0,ppb
褒忠站,16,乙炔,0,ppb
褒忠站,16,反2-丁烯,0.1,ppb
褒忠站,16,1-丁烯,1.21,ppb
褒忠站,16,順2-丁烯,0,ppb
褒忠站,16,環戊烷,0.62,ppb
褒忠站,16,異戊烷,0.28,ppb
褒忠站,16,正戊烷,0.17,ppb
褒忠站,16,反2-戊烯,0,ppb
褒忠站,16,1-戊烯,0,ppb
褒忠站,16,順2-戊烯,0,ppb
褒忠站,16,"2,2-二甲基丁烷",0,ppb
褒忠站,16,"2,3-二甲基丁烷",0,ppb
褒忠站,16,2-甲基戊烷,0,ppb
褒忠站,16,3-甲基戊烷,0,ppb
褒忠站,16,異戊二烯,3.22,ppb
褒忠站,16,正己烷,0.11,ppb
褒忠站,16,甲基環戊烷,0.02,ppb
褒忠站,16,"2,4-二甲基戊烷",0.14,ppb
褒忠站,16,苯,0.04,ppb
褒忠站,16,環己烷,0,ppb
褒忠站,16,2-甲基己烷,0,ppb
褒忠站,16,"2,3-二甲基戊烷",0,ppb
褒忠站,16,3-甲基己烷,0,ppb
褒忠站,16,"2,2,4-三甲基戊烷",0.02,ppb
褒忠站,16,正庚烷,0,ppb
褒忠站,16,甲基環己烷,0.06,ppb
褒忠站,16,"2,3,4-三甲基戊烷",0,ppb
褒忠站,16,甲苯,0.66,ppb
褒忠站,16,2-甲基庚烷,0,ppb
褒忠站,16,3-甲基庚烷,0.03,ppb
褒忠站,16,正辛烷,0,ppb
褒忠站,16,乙苯,0,ppb
褒忠站,16,"間,對二甲苯",0.32,ppb
褒忠站,16,苯乙烯,0,ppb
褒忠站,16,鄰二甲苯,0.21,ppb
褒忠站,16,正壬烷,0.01,ppb
褒忠站,16,異丙基苯,0,ppb
褒忠站,16,正丙基苯,0,ppb
褒忠站,16,間-乙基甲苯,0,ppb
褒忠站,16,對-乙基甲苯,0.02,ppb
褒忠站,16,"1,3,5-三甲基苯",0.05,ppb
褒忠站,16,鄰-乙基甲苯,0.02,ppb
褒忠站,16,"1,2,4-三甲基苯",0,ppb
褒忠站,16,葵烷,0.05,ppb
褒忠站,16,"1,2,3-三甲基苯",0.28,ppb
褒忠站,16,間-二乙基苯,0,ppb
褒忠站,16,對-二乙基苯,0.05,ppbv
褒忠站,16,正十一烷,0.03,ppbv
崙背站,16,乙烷,0.39,ppb
崙背站,16,乙烯,0.33,ppb
崙背站,16,丙烷,1.06,ppb
崙背站,16,丙烯,0,ppb
崙背站,16,異丁烷,0.5,ppb
崙背站,16,正丁烷,0.74,ppb
崙背站,16,乙炔,0,ppb
崙背站,16,反2-丁烯,0.21,ppb
崙背站,16,1-丁烯,0.44,ppb
崙背站,16,順2-丁烯,0,ppb
崙背站,16,環戊烷,0.2,ppb
崙背站,16,異戊烷,0.6,ppb
崙背站,16,正戊烷,0.27,ppb
崙背站,16,反2-戊烯,0,ppb
崙背站,16,1-戊烯,0,ppb
崙背站,16,順2-戊烯,0,ppb
崙背站,16,"2,2-二甲基丁烷",0,ppb
崙背站,16,"2,3-二甲基丁烷",0.14,ppb
崙背站,16,2-甲基戊烷,0.22,ppb
崙背站,16,3-甲基戊烷,0,ppb
崙背站,16,異戊二烯,1.42,ppb
崙背站,16,正己烷,0,ppb
崙背站,16,甲基環戊烷,0,ppb
崙背站,16,"2,4-二甲基戊烷",0.02,ppb
崙背站,16,苯,0,ppb
崙背站,16,環己烷,0,ppb
崙背站,16,2-甲基己烷,0,ppb
崙背站,16,"2,3-二甲基戊烷",0,ppb
崙背站,16,3-甲基己烷,0,ppb
崙背站,16,"2,2,4-三甲基戊烷",0,ppb
崙背站,16,正庚烷,0,ppb
崙背站,16,甲基環己烷,0,ppb
崙背站,16,"2,3,4-三甲基戊烷",0,ppb
崙背站,16,甲苯,0,ppb
崙背站,16,2-甲基庚烷,0,ppb
崙背站,16,3-甲基庚烷,0,ppb
崙背站,16,正辛烷,0,ppb
崙背站,16,乙苯,0,ppb
崙背站,16,"間,對二甲苯",0,ppb
崙背站,16,苯乙烯,0,ppb
崙背站,16,鄰二甲苯,0,ppb
崙背站,16,正壬烷,0,ppb
崙背站,16,異丙基苯,0,ppb
崙背站,16,正丙基苯,0,ppb
崙背站,16,間-乙基甲苯,0,ppb
崙背站,16,對-乙基甲苯,0,ppb
崙背站,16,"1,3,5-三甲基苯",0,ppb
崙背站,16,鄰-乙基甲苯,0,ppb
崙背站,16,"1,2,4-三甲基苯",0,ppb
崙背站,16,葵烷,0,ppb
崙背站,16,"1,2,3-三甲基苯",0,ppb
崙背站,16,間-二乙基苯,0,ppb
崙背站,16,對-二乙基苯,0,ppbv
崙背站,16,正十一烷,0,ppbv
四湖站,16,乙烷,---,ppb
四湖站,16,乙烯,---,ppb
四湖站,16,丙烷,---,ppb
四湖站,16,丙烯,---,ppb
四湖站,16,異丁烷,---,ppb
四湖站,16,正丁烷,---,ppb
四湖站,16,乙炔,---,ppb
四湖站,16,反2-丁烯,---,ppb
四湖站,16,1-丁烯,---,ppb
四湖站,16,順2-丁烯,---,ppb
四湖站,16,環戊烷,---,ppb
四湖站,16,異戊烷,---,ppb
四湖站,16,正戊烷,---,ppb
四湖站,16,反2-戊烯,---,ppb
四湖站,16,1-戊烯,---,ppb
四湖站,16,順2-戊烯,---,ppb
四湖站,16,"2,2-二甲基丁烷",---,ppb
四湖站,16,"2,3-二甲基丁烷",---,ppb
四湖站,16,2-甲基戊烷,---,ppb
四湖站,16,3-甲基戊烷,---,ppb
四湖站,16,異戊二烯,---,ppb
四湖站,16,正己烷,---,ppb
四湖站,16,甲基環戊烷,---,ppb
四湖站,16,"2,4-二甲基戊烷",---,ppb
四湖站,16,苯,---,ppb
四湖站,16,環己烷,---,ppb
四湖站,16,2-甲基己烷,---,ppb
四湖站,16,"2,3-二甲基戊烷",---,ppb
四湖站,16,3-甲基己烷,---,ppb
四湖站,16,"2,2,4-三甲基戊烷",---,ppb
四湖站,16,正庚烷,---,ppb
四湖站,16,甲基環己烷,---,ppb
四湖站,16,"2,3,4-三甲基戊烷",---,ppb
四湖站,16,甲苯,---,ppb
四湖站,16,2-甲基庚烷,---,ppb
四湖站,16,3-甲基庚烷,---,ppb
四湖站,16,正辛烷,---,ppb
四湖站,16,乙苯,---,ppb
四湖站,16,"間,對二甲苯",---,ppb
四湖站,16,苯乙烯,---,ppb
四湖站,16,鄰二甲苯,---,ppb
四湖站,16,正壬烷,---,ppb
四湖站,16,異丙基苯,---,ppb
四湖站,16,正丙基苯,---,ppb
四湖站,16,間-乙基甲苯,---,ppb
四湖站,16,對-乙基甲苯,---,ppb
四湖站,16,"1,3,5-三甲基苯",---,ppb
四湖站,16,鄰-乙基甲苯,---,ppb
四湖站,16,"1,2,4-三甲基苯",---,ppb
四湖站,16,葵烷,---,ppb
四湖站,16,"1,2,3-三甲基苯",---,ppb
四湖站,16,間-二乙基苯,---,ppb
四湖站,16,對-二乙基苯,---,ppbv
四湖站,16,正十一烷,---,ppbv
東勢站,16,乙烷,0.56,ppb
東勢站,16,乙烯,0.7,ppb
東勢站,16,丙烷,0.08,ppb
東勢站,16,丙烯,0.67,ppb
東勢站,16,異丁烷,0.45,ppb
東勢站,16,正丁烷,1.25,ppb
東勢站,16,乙炔,1.99,ppb
東勢站,16,反2-丁烯,0.27,ppb
東勢站,16,1-丁烯,0.66,ppb
東勢站,16,順2-丁烯,0.16,ppb
東勢站,16,環戊烷,0,ppb
東勢站,16,異戊烷,1.14,ppb
東勢站,16,正戊烷,0.56,ppb
東勢站,16,反2-戊烯,0.18,ppb
東勢站,16,1-戊烯,0,ppb
東勢站,16,順2-戊烯,0,ppb
東勢站,16,"2,2-二甲基丁烷",0,ppb
東勢站,16,"2,3-二甲基丁烷",0,ppb
東勢站,16,2-甲基戊烷,0.3,ppb
東勢站,16,3-甲基戊烷,0.23,ppb
東勢站,16,異戊二烯,1.82,ppb
東勢站,16,正己烷,0,ppb
東勢站,16,甲基環戊烷,0,ppb
東勢站,16,"2,4-二甲基戊烷",0,ppb
東勢站,16,苯,0,ppb
東勢站,16,環己烷,0,ppb
東勢站,16,2-甲基己烷,0,ppb
東勢站,16,"2,3-二甲基戊烷",0,ppb
東勢站,16,3-甲基己烷,0,ppb
東勢站,16,"2,2,4-三甲基戊烷",0,ppb
東勢站,16,正庚烷,0,ppb
東勢站,16,甲基環己烷,0.21,ppb
東勢站,16,"2,3,4-三甲基戊烷",0,ppb
東勢站,16,甲苯,1.7,ppb
東勢站,16,2-甲基庚烷,0,ppb
東勢站,16,3-甲基庚烷,0,ppb
東勢站,16,正辛烷,0.37,ppb
東勢站,16,乙苯,0.48,ppb
東勢站,16,"間,對二甲苯",1.73,ppb
東勢站,16,苯乙烯,0,ppb
東勢站,16,鄰二甲苯,0.93,ppb
東勢站,16,正壬烷,0.31,ppb
東勢站,16,異丙基苯,0,ppb
東勢站,16,正丙基苯,0.01,ppb
東勢站,16,間-乙基甲苯,0.31,ppb
東勢站,16,對-乙基甲苯,0,ppb
東勢站,16,"1,3,5-三甲基苯",0.14,ppb
東勢站,16,鄰-乙基甲苯,0.16,ppb
東勢站,16,"1,2,4-三甲基苯",0.84,ppb
東勢站,16,葵烷,0,ppb
東勢站,16,"1,2,3-三甲基苯",0.23,ppb
東勢站,16,間-二乙基苯,0.05,ppb
東勢站,16,對-二乙基苯,0,ppbv
東勢站,16,正十一烷,0,ppbv
麥寮站,16,乙烷,2.53,ppb
麥寮站,16,乙烯,3.81,ppb
麥寮站,16,丙烷,0.51,ppb
麥寮站,16,丙烯,3.97,ppb
麥寮站,16,異丁烷,0.2,ppb
麥寮站,16,正丁烷,1.49,ppb
麥寮站,16,乙炔,2.11,ppb
麥寮站,16,反2-丁烯,0.17,ppb
麥寮站,16,1-丁烯,0.68,ppb
麥寮站,16,順2-丁烯,0.14,ppb
麥寮站,16,環戊烷,0,ppb
麥寮站,16,異戊烷,0.45,ppb
麥寮站,16,正戊烷,0.36,ppb
麥寮站,16,反2-戊烯,0,ppb
麥寮站,16,1-戊烯,0,ppb
麥寮站,16,順2-戊烯,0,ppb
麥寮站,16,"2,2-二甲基丁烷",0,ppb
麥寮站,16,"2,3-二甲基丁烷",0.58,ppb
麥寮站,16,2-甲基戊烷,1.27,ppb
麥寮站,16,3-甲基戊烷,0,ppb
麥寮站,16,異戊二烯,2.23,ppb
麥寮站,16,正己烷,4.14,ppb
麥寮站,16,甲基環戊烷,0.71,ppb
麥寮站,16,"2,4-二甲基戊烷",0,ppb
麥寮站,16,苯,0.87,ppb
麥寮站,16,環己烷,0.29,ppb
麥寮站,16,2-甲基己烷,0.61,ppb
麥寮站,16,"2,3-二甲基戊烷",0.28,ppb
麥寮站,16,3-甲基己烷,0.76,ppb
麥寮站,16,"2,2,4-三甲基戊烷",0.45,ppb
麥寮站,16,正庚烷,1.92,ppb
麥寮站,16,甲基環己烷,1.21,ppb
麥寮站,16,"2,3,4-三甲基戊烷",0,ppb
麥寮站,16,甲苯,2.06,ppb
麥寮站,16,2-甲基庚烷,0.54,ppb
麥寮站,16,3-甲基庚烷,0.78,ppb
麥寮站,16,正辛烷,2.66,ppb
麥寮站,16,乙苯,0.84,ppb
麥寮站,16,"間,對二甲苯",3.09,ppb
麥寮站,16,苯乙烯,0.53,ppb
麥寮站,16,鄰二甲苯,1.13,ppb
麥寮站,16,正壬烷,1.33,ppb
麥寮站,16,異丙基苯,0,ppb
麥寮站,16,正丙基苯,0,ppb
麥寮站,16,間-乙基甲苯,0.18,ppb
麥寮站,16,對-乙基甲苯,0.03,ppb
麥寮站,16,"1,3,5-三甲基苯",0.03,ppb
麥寮站,16,鄰-乙基甲苯,0.1,ppb
麥寮站,16,"1,2,4-三甲基苯",0.49,ppb
麥寮站,16,葵烷,0.17,ppb
麥寮站,16,"1,2,3-三甲基苯",0.21,ppb
麥寮站,16,間-二乙基苯,0.02,ppb
麥寮站,16,對-二乙基苯,0,ppbv
麥寮站,16,正十一烷,0,ppbv
台西站,16,乙烷,---,ppb
台西站,16,乙烯,---,ppb
台西站,16,丙烷,---,ppb
台西站,16,丙烯,---,ppb
台西站,16,異丁烷,---,ppb
台西站,16,正丁烷,---,ppb
台西站,16,乙炔,---,ppb
台西站,16,反2-丁烯,---,ppb
台西站,16,1-丁烯,---,ppb
台西站,16,順2-丁烯,---,ppb
台西站,16,環戊烷,---,ppb
台西站,16,異戊烷,---,ppb
台西站,16,正戊烷,---,ppb
台西站,16,反2-戊烯,---,ppb
台西站,16,1-戊烯,---,ppb
台西站,16,順2-戊烯,---,ppb
台西站,16,"2,2-二甲基丁烷",---,ppb
台西站,16,"2,3-二甲基丁烷",---,ppb
台西站,16,2-甲基戊烷,---,ppb
台西站,16,3-甲基戊烷,---,ppb
台西站,16,異戊二烯,---,ppb
台西站,16,正己烷,---,ppb
台西站,16,甲基環戊烷,---,ppb
台西站,16,"2,4-二甲基戊烷",---,ppb
台西站,16,苯,---,ppb
台西站,16,環己烷,---,ppb
台西站,16,2-甲基己烷,---,ppb
台西站,16,"2,3-二甲基戊烷",---,ppb
台西站,16,3-甲基己烷,---,ppb
台西站,16,"2,2,4-三甲基戊烷",---,ppb
台西站,16,正庚烷,---,ppb
台西站,16,甲基環己烷,---,ppb
台西站,16,"2,3,4-三甲基戊烷",---,ppb
台西站,16,甲苯,---,ppb
台西站,16,2-甲基庚烷,---,ppb
台西站,16,3-甲基庚烷,---,ppb
台西站,16,正辛烷,---,ppb
台西站,16,乙苯,---,ppb
台西站,16,"間,對二甲苯",---,ppb
台西站,16,苯乙烯,---,ppb
台西站,16,鄰二甲苯,---,ppb
台西站,16,正壬烷,---,ppb
台西站,16,異丙基苯,---,ppb
台西站,16,正丙基苯,---,ppb
台西站,16,間-乙基甲苯,---,ppb
台西站,16,對-乙基甲苯,---,ppb
台西站,16,"1,3,5-三甲基苯",---,ppb
台西站,16,鄰-乙基甲苯,---,ppb
台西站,16,"1,2,4-三甲基苯",---,ppb
台西站,16,葵烷,---,ppb
台西站,16,"1,2,3-三甲基苯",---,ppb
台西站,16,間-二乙基苯,---,ppb
台西站,16,對-二乙基苯,---,ppbv
台西站,16,正十一烷,---,ppbv
土庫站,16,乙烷,0.83,ppb
土庫站,16,乙烯,0.95,ppb
土庫站,16,丙烷,0.45,ppb
土庫站,16,丙烯,0.69,ppb
土庫站,16,異丁烷,0.56,ppb
土庫站,16,正丁烷,1.18,ppb
土庫站,16,乙炔,3.52,ppb
土庫站,16,反2-丁烯,0.25,ppb
土庫站,16,1-丁烯,0.42,ppb
土庫站,16,順2-丁烯,0.17,ppb
土庫站,16,環戊烷,0.36,ppb
土庫站,16,異戊烷,0.58,ppb
土庫站,16,正戊烷,0.3,ppb
土庫站,16,反2-戊烯,0.29,ppb
土庫站,16,1-戊烯,0,ppb
土庫站,16,順2-戊烯,0.06,ppb
土庫站,16,"2,2-二甲基丁烷",0.13,ppb
土庫站,16,"2,3-二甲基丁烷",0,ppb
土庫站,16,2-甲基戊烷,0.32,ppb
土庫站,16,3-甲基戊烷,0.16,ppb
土庫站,16,異戊二烯,1.75,ppb
土庫站,16,正己烷,0,ppb
土庫站,16,甲基環戊烷,0,ppb
土庫站,16,"2,4-二甲基戊烷",0,ppb
土庫站,16,苯,0,ppb
土庫站,16,環己烷,0,ppb
土庫站,16,2-甲基己烷,0,ppb
土庫站,16,"2,3-二甲基戊烷",0,ppb
土庫站,16,3-甲基己烷,0,ppb
土庫站,16,"2,2,4-三甲基戊烷",0,ppb
土庫站,16,正庚烷,0,ppb
土庫站,16,甲基環己烷,0,ppb
土庫站,16,"2,3,4-三甲基戊烷",0,ppb
土庫站,16,甲苯,2.4,ppb
土庫站,16,2-甲基庚烷,0,ppb
土庫站,16,3-甲基庚烷,0,ppb
土庫站,16,正辛烷,0,ppb
土庫站,16,乙苯,0,ppb
土庫站,16,"間,對二甲苯",1.22,ppb
土庫站,16,苯乙烯,0,ppb
土庫站,16,鄰二甲苯,0.35,ppb
土庫站,16,正壬烷,0,ppb
土庫站,16,異丙基苯,0,ppb
土庫站,16,正丙基苯,0,ppb
土庫站,16,間-乙基甲苯,0,ppb
土庫站,16,對-乙基甲苯,0,ppb
土庫站,16,"1,3,5-三甲基苯",0,ppb
土庫站,16,鄰-乙基甲苯,0,ppb
土庫站,16,"1,2,4-三甲基苯",0.78,ppb
土庫站,16,葵烷,0,ppb
土庫站,16,"1,2,3-三甲基苯",0.27,ppb
土庫站,16,間-二乙基苯,0,ppb
土庫站,16,對-二乙基苯,0,ppbv
土庫站,16,正十一烷,0,ppbv
西螺站,16,乙烷,0.64,ppb
西螺站,16,乙烯,0.62,ppb
西螺站,16,丙烷,0,ppb
西螺站,16,丙烯,0,ppb
西螺站,16,異丁烷,0.3,ppb
西螺站,16,正丁烷,0.49,ppb
西螺站,16,乙炔,0.8,ppb
西螺站,16,反2-丁烯,0,ppb
西螺站,16,1-丁烯,0.29,ppb
西螺站,16,順2-丁烯,0,ppb
西螺站,16,環戊烷,0.19,ppb
西螺站,16,異戊烷,1.04,ppb
西螺站,16,正戊烷,0.58,ppb
西螺站,16,反2-戊烯,0,ppb
西螺站,16,1-戊烯,0,ppb
西螺站,16,順2-戊烯,0,ppb
西螺站,16,"2,2-二甲基丁烷",0,ppb
西螺站,16,"2,3-二甲基丁烷",0,ppb
西螺站,16,2-甲基戊烷,0.23,ppb
西螺站,16,3-甲基戊烷,0.16,ppb
西螺站,16,異戊二烯,0.93,ppb
西螺站,16,正己烷,0,ppb
西螺站,16,甲基環戊烷,0,ppb
西螺站,16,"2,4-二甲基戊烷",0,ppb
西螺站,16,苯,0,ppb
西螺站,16,環己烷,0.06,ppb
西螺站,16,2-甲基己烷,0,ppb
西螺站,16,"2,3-二甲基戊烷",0,ppb
西螺站,16,3-甲基己烷,0.02,ppb
西螺站,16,"2,2,4-三甲基戊烷",0.1,ppb
西螺站,16,正庚烷,0,ppb
西螺站,16,甲基環己烷,0,ppb
西螺站,16,"2,3,4-三甲基戊烷",0,ppb
西螺站,16,甲苯,3.28,ppb
西螺站,16,2-甲基庚烷,0.09,ppb
西螺站,16,3-甲基庚烷,0,ppb
西螺站,16,正辛烷,0,ppb
西螺站,16,乙苯,0.37,ppb
西螺站,16,"間,對二甲苯",0.81,ppb
西螺站,16,苯乙烯,0.01,ppb
西螺站,16,鄰二甲苯,0.1,ppb
西螺站,16,正壬烷,0.01,ppb
西螺站,16,異丙基苯,0,ppb
西螺站,16,正丙基苯,0.01,ppb
西螺站,16,間-乙基甲苯,0.03,ppb
西螺站,16,對-乙基甲苯,0,ppb
西螺站,16,"1,3,5-三甲基苯",0.01,ppb
西螺站,16,鄰-乙基甲苯,0.03,ppb
西螺站,16,"1,2,4-三甲基苯",0.31,ppb
西螺站,16,葵烷,0,ppb
西螺站,16,"1,2,3-三甲基苯",0.01,ppb
西螺站,16,間-二乙基苯,0.01,ppb
西螺站,16,對-二乙基苯,0.01,ppbv
西螺站,16,正十一烷,0.03,ppbv
大城站,17,乙烷,0.46,ppb
大城站,17,乙烯,0,ppb
大城站,17,丙烷,0,ppb
大城站,17,丙烯,0.28,ppb
大城站,17,異丁烷,0,ppb
大城站,17,正丁烷,0.25,ppb
大城站,17,乙炔,0,ppb
大城站,17,反2-丁烯,0.13,ppb
大城站,17,1-丁烯,0.35,ppb
大城站,17,順2-丁烯,0,ppb
大城站,17,環戊烷,0,ppb
大城站,17,異戊烷,0.28,ppb
大城站,17,正戊烷,0,ppb
大城站,17,反2-戊烯,0,ppb
大城站,17,1-戊烯,0,ppb
大城站,17,順2-戊烯,0,ppb
大城站,17,"2,2-二甲基丁烷",0,ppb
大城站,17,"2,3-二甲基丁烷",0,ppb
大城站,17,2-甲基戊烷,0,ppb
大城站,17,3-甲基戊烷,0,ppb
大城站,17,異戊二烯,0.92,ppb
大城站,17,正己烷,0,ppb
大城站,17,甲基環戊烷,0,ppb
大城站,17,"2,4-二甲基戊烷",0,ppb
大城站,17,苯,0,ppb
大城站,17,環己烷,0,ppb
大城站,17,2-甲基己烷,0,ppb
大城站,17,"2,3-二甲基戊烷",0,ppb
大城站,17,3-甲基己烷,0,ppb
大城站,17,"2,2,4-三甲基戊烷",0,ppb
大城站,17,正庚烷,0,ppb
大城站,17,甲基環己烷,0,ppb
大城站,17,"2,3,4-三甲基戊烷",0,ppb
大城站,17,甲苯,0,ppb
大城站,17,2-甲基庚烷,0,ppb
大城站,17,3-甲基庚烷,0,ppb
大城站,17,正辛烷,0,ppb
大城站,17,乙苯,0,ppb
大城站,17,"間,對二甲苯",0,ppb
大城站,17,苯乙烯,0,ppb
大城站,17,鄰二甲苯,0,ppb
大城站,17,正壬烷,0,ppb
大城站,17,異丙基苯,0,ppb
大城站,17,正丙基苯,0,ppb
大城站,17,間-乙基甲苯,0,ppb
大城站,17,對-乙基甲苯,0,ppb
大城站,17,"1,3,5-三甲基苯",0,ppb
大城站,17,鄰-乙基甲苯,0,ppb
大城站,17,"1,2,4-三甲基苯",0,ppb
大城站,17,葵烷,0,ppb
大城站,17,"1,2,3-三甲基苯",0,ppb
大城站,17,間-二乙基苯,0,ppb
大城站,17,對-二乙基苯,0,ppbv
大城站,17,正十一烷,0,ppbv
東石站,17,乙烷,0.33,ppb
東石站,17,乙烯,0,ppb
東石站,17,丙烷,0,ppb
東石站,17,丙烯,0.73,ppb
東石站,17,異丁烷,0,ppb
東石站,17,正丁烷,0,ppb
東石站,17,乙炔,0,ppb
東石站,17,反2-丁烯,0,ppb
東石站,17,1-丁烯,0.57,ppb
東石站,17,順2-丁烯,0,ppb
東石站,17,環戊烷,0,ppb
東石站,17,異戊烷,0.21,ppb
東石站,17,正戊烷,0,ppb
東石站,17,反2-戊烯,0,ppb
東石站,17,1-戊烯,0,ppb
東石站,17,順2-戊烯,0,ppb
東石站,17,"2,2-二甲基丁烷",0,ppb
東石站,17,"2,3-二甲基丁烷",0,ppb
東石站,17,2-甲基戊烷,0,ppb
東石站,17,3-甲基戊烷,0,ppb
東石站,17,異戊二烯,0,ppb
東石站,17,正己烷,0,ppb
東石站,17,甲基環戊烷,0,ppb
東石站,17,"2,4-二甲基戊烷",0,ppb
東石站,17,苯,0,ppb
東石站,17,環己烷,0,ppb
東石站,17,2-甲基己烷,0,ppb
東石站,17,"2,3-二甲基戊烷",0,ppb
東石站,17,3-甲基己烷,0,ppb
東石站,17,"2,2,4-三甲基戊烷",0,ppb
東石站,17,正庚烷,0,ppb
東石站,17,甲基環己烷,0,ppb
東石站,17,"2,3,4-三甲基戊烷",0,ppb
東石站,17,甲苯,0,ppb
東石站,17,2-甲基庚烷,0,ppb
東石站,17,3-甲基庚烷,0,ppb
東石站,17,正辛烷,0,ppb
東石站,17,乙苯,0,ppb
東石站,17,"間,對二甲苯",0,ppb
東石站,17,苯乙烯,0,ppb
東石站,17,鄰二甲苯,0,ppb
東石站,17,正壬烷,0,ppb
東石站,17,異丙基苯,0,ppb
東石站,17,正丙基苯,0,ppb
東石站,17,間-乙基甲苯,0,ppb
東石站,17,對-乙基甲苯,0,ppb
東石站,17,"1,3,5-三甲基苯",0,ppb
東石站,17,鄰-乙基甲苯,0,ppb
東石站,17,"1,2,4-三甲基苯",0,ppb
東石站,17,葵烷,0,ppb
東石站,17,"1,2,3-三甲基苯",0,ppb
東石站,17,間-二乙基苯,0,ppb
東石站,17,對-二乙基苯,0,ppbv
東石站,17,正十一烷,0,ppbv
褒忠站,17,乙烷,0.47,ppb
褒忠站,17,乙烯,0.47,ppb
褒忠站,17,丙烷,0,ppb
褒忠站,17,丙烯,0,ppb
褒忠站,17,異丁烷,0.26,ppb
褒忠站,17,正丁烷,0.3,ppb
褒忠站,17,乙炔,1.11,ppb
褒忠站,17,反2-丁烯,0,ppb
褒忠站,17,1-丁烯,1.35,ppb
褒忠站,17,順2-丁烯,0,ppb
褒忠站,17,環戊烷,0.6,ppb
褒忠站,17,異戊烷,0.85,ppb
褒忠站,17,正戊烷,0.37,ppb
褒忠站,17,反2-戊烯,0,ppb
褒忠站,17,1-戊烯,0,ppb
褒忠站,17,順2-戊烯,0,ppb
褒忠站,17,"2,2-二甲基丁烷",0,ppb
褒忠站,17,"2,3-二甲基丁烷",0,ppb
褒忠站,17,2-甲基戊烷,0.12,ppb
褒忠站,17,3-甲基戊烷,0,ppb
褒忠站,17,異戊二烯,0.88,ppb
褒忠站,17,正己烷,0.04,ppb
褒忠站,17,甲基環戊烷,0.28,ppb
褒忠站,17,"2,4-二甲基戊烷",0.21,ppb
褒忠站,17,苯,0.53,ppb
褒忠站,17,環己烷,0,ppb
褒忠站,17,2-甲基己烷,0,ppb
褒忠站,17,"2,3-二甲基戊烷",0.05,ppb
褒忠站,17,3-甲基己烷,0,ppb
褒忠站,17,"2,2,4-三甲基戊烷",0.25,ppb
褒忠站,17,正庚烷,0.07,ppb
褒忠站,17,甲基環己烷,0.08,ppb
褒忠站,17,"2,3,4-三甲基戊烷",0,ppb
褒忠站,17,甲苯,1.22,ppb
褒忠站,17,2-甲基庚烷,0.04,ppb
褒忠站,17,3-甲基庚烷,0,ppb
褒忠站,17,正辛烷,0.07,ppb
褒忠站,17,乙苯,0,ppb
褒忠站,17,"間,對二甲苯",0.66,ppb
褒忠站,17,苯乙烯,0,ppb
褒忠站,17,鄰二甲苯,0,ppb
褒忠站,17,正壬烷,0.02,ppb
褒忠站,17,異丙基苯,0,ppb
褒忠站,17,正丙基苯,0,ppb
褒忠站,17,間-乙基甲苯,0.07,ppb
褒忠站,17,對-乙基甲苯,0,ppb
褒忠站,17,"1,3,5-三甲基苯",0.01,ppb
褒忠站,17,鄰-乙基甲苯,0.02,ppb
褒忠站,17,"1,2,4-三甲基苯",0.36,ppb
褒忠站,17,葵烷,0,ppb
褒忠站,17,"1,2,3-三甲基苯",0.16,ppb
褒忠站,17,間-二乙基苯,0.08,ppb
褒忠站,17,對-二乙基苯,0.05,ppbv
褒忠站,17,正十一烷,0.05,ppbv
崙背站,17,乙烷,0.51,ppb
崙背站,17,乙烯,0.34,ppb
崙背站,17,丙烷,1.13,ppb
崙背站,17,丙烯,0.5,ppb
崙背站,17,異丁烷,0.63,ppb
崙背站,17,正丁烷,0.99,ppb
崙背站,17,乙炔,0.86,ppb
崙背站,17,反2-丁烯,0.27,ppb
崙背站,17,1-丁烯,0.48,ppb
崙背站,17,順2-丁烯,0,ppb
崙背站,17,環戊烷,0.23,ppb
崙背站,17,異戊烷,0.83,ppb
崙背站,17,正戊烷,0.31,ppb
崙背站,17,反2-戊烯,0.12,ppb
崙背站,17,1-戊烯,0,ppb
崙背站,17,順2-戊烯,0,ppb
崙背站,17,"2,2-二甲基丁烷",0,ppb
崙背站,17,"2,3-二甲基丁烷",0,ppb
崙背站,17,2-甲基戊烷,0.16,ppb
崙背站,17,3-甲基戊烷,0,ppb
崙背站,17,異戊二烯,0.78,ppb
崙背站,17,正己烷,0,ppb
崙背站,17,甲基環戊烷,0,ppb
崙背站,17,"2,4-二甲基戊烷",0,ppb
崙背站,17,苯,0,ppb
崙背站,17,環己烷,0,ppb
崙背站,17,2-甲基己烷,0,ppb
崙背站,17,"2,3-二甲基戊烷",0,ppb
崙背站,17,3-甲基己烷,0,ppb
崙背站,17,"2,2,4-三甲基戊烷",0,ppb
崙背站,17,正庚烷,0,ppb
崙背站,17,甲基環己烷,0,ppb
崙背站,17,"2,3,4-三甲基戊烷",0,ppb
崙背站,17,甲苯,0.14,ppb
崙背站,17,2-甲基庚烷,0,ppb
崙背站,17,3-甲基庚烷,0,ppb
崙背站,17,正辛烷,0,ppb
崙背站,17,乙苯,0,ppb
崙背站,17,"間,對二甲苯",0.49,ppb
崙背站,17,苯乙烯,0,ppb
崙背站,17,鄰二甲苯,0.18,ppb
崙背站,17,正壬烷,0,ppb
崙背站,17,異丙基苯,0,ppb
崙背站,17,正丙基苯,0,ppb
崙背站,17,間-乙基甲苯,0,ppb
崙背站,17,對-乙基甲苯,0,ppb
崙背站,17,"1,3,5-三甲基苯",0,ppb
崙背站,17,鄰-乙基甲苯,0,ppb
崙背站,17,"1,2,4-三甲基苯",0.46,ppb
崙背站,17,葵烷,0,ppb
崙背站,17,"1,2,3-三甲基苯",0,ppb
崙背站,17,間-二乙基苯,0,ppb
崙背站,17,對-二乙基苯,0,ppbv
崙背站,17,正十一烷,0,ppbv
四湖站,17,乙烷,0.58,ppb
四湖站,17,乙烯,0,ppb
四湖站,17,丙烷,0,ppb
四湖站,17,丙烯,0,ppb
四湖站,17,異丁烷,0,ppb
四湖站,17,正丁烷,0.17,ppb
四湖站,17,乙炔,0,ppb
四湖站,17,反2-丁烯,0,ppb
四湖站,17,1-丁烯,1.57,ppb
四湖站,17,順2-丁烯,0,ppb
四湖站,17,環戊烷,0,ppb
四湖站,17,異戊烷,0.19,ppb
四湖站,17,正戊烷,0,ppb
四湖站,17,反2-戊烯,0,ppb
四湖站,17,1-戊烯,0,ppb
四湖站,17,順2-戊烯,0,ppb
四湖站,17,"2,2-二甲基丁烷",0,ppb
四湖站,17,"2,3-二甲基丁烷",0,ppb
四湖站,17,2-甲基戊烷,0,ppb
四湖站,17,3-甲基戊烷,0,ppb
四湖站,17,異戊二烯,0.98,ppb
四湖站,17,正己烷,0,ppb
四湖站,17,甲基環戊烷,0,ppb
四湖站,17,"2,4-二甲基戊烷",0,ppb
四湖站,17,苯,0,ppb
四湖站,17,環己烷,0,ppb
四湖站,17,2-甲基己烷,0,ppb
四湖站,17,"2,3-二甲基戊烷",0,ppb
四湖站,17,3-甲基己烷,0,ppb
四湖站,17,"2,2,4-三甲基戊烷",0,ppb
四湖站,17,正庚烷,0,ppb
四湖站,17,甲基環己烷,0,ppb
四湖站,17,"2,3,4-三甲基戊烷",0,ppb
四湖站,17,甲苯,2.47,ppb
四湖站,17,2-甲基庚烷,0,ppb
四湖站,17,3-甲基庚烷,0,ppb
四湖站,17,正辛烷,0,ppb
四湖站,17,乙苯,0.38,ppb
四湖站,17,"間,對二甲苯",1.33,ppb
四湖站,17,苯乙烯,0,ppb
四湖站,17,鄰二甲苯,0.31,ppb
四湖站,17,正壬烷,0,ppb
四湖站,17,異丙基苯,0,ppb
四湖站,17,正丙基苯,0,ppb
四湖站,17,間-乙基甲苯,0.3,ppb
四湖站,17,對-乙基甲苯,0,ppb
四湖站,17,"1,3,5-三甲基苯",0,ppb
四湖站,17,鄰-乙基甲苯,0,ppb
四湖站,17,"1,2,4-三甲基苯",0.54,ppb
四湖站,17,葵烷,0,ppb
四湖站,17,"1,2,3-三甲基苯",0,ppb
四湖站,17,間-二乙基苯,0,ppb
四湖站,17,對-二乙基苯,0,ppbv
四湖站,17,正十一烷,0,ppbv
東勢站,17,乙烷,0.45,ppb
東勢站,17,乙烯,0.69,ppb
東勢站,17,丙烷,0.19,ppb
東勢站,17,丙烯,0.44,ppb
東勢站,17,異丁烷,0.44,ppb
東勢站,17,正丁烷,0.78,ppb
東勢站,17,乙炔,1.77,ppb
東勢站,17,反2-丁烯,0.25,ppb
東勢站,17,1-丁烯,0.42,ppb
東勢站,17,順2-丁烯,0.15,ppb
東勢站,17,環戊烷,0,ppb
東勢站,17,異戊烷,0.97,ppb
東勢站,17,正戊烷,0.55,ppb
東勢站,17,反2-戊烯,0.25,ppb
東勢站,17,1-戊烯,0,ppb
東勢站,17,順2-戊烯,0,ppb
東勢站,17,"2,2-二甲基丁烷",0,ppb
東勢站,17,"2,3-二甲基丁烷",0,ppb
東勢站,17,2-甲基戊烷,0.24,ppb
東勢站,17,3-甲基戊烷,0.19,ppb
東勢站,17,異戊二烯,1.31,ppb
東勢站,17,正己烷,0,ppb
東勢站,17,甲基環戊烷,0,ppb
東勢站,17,"2,4-二甲基戊烷",0,ppb
東勢站,17,苯,0,ppb
東勢站,17,環己烷,0,ppb
東勢站,17,2-甲基己烷,0,ppb
東勢站,17,"2,3-二甲基戊烷",0,ppb
東勢站,17,3-甲基己烷,0,ppb
東勢站,17,"2,2,4-三甲基戊烷",0,ppb
東勢站,17,正庚烷,0,ppb
東勢站,17,甲基環己烷,0,ppb
東勢站,17,"2,3,4-三甲基戊烷",0,ppb
東勢站,17,甲苯,1.78,ppb
東勢站,17,2-甲基庚烷,0,ppb
東勢站,17,3-甲基庚烷,0,ppb
東勢站,17,正辛烷,0,ppb
東勢站,17,乙苯,0.29,ppb
東勢站,17,"間,對二甲苯",1.31,ppb
東勢站,17,苯乙烯,0,ppb
東勢站,17,鄰二甲苯,0.47,ppb
東勢站,17,正壬烷,0,ppb
東勢站,17,異丙基苯,0,ppb
東勢站,17,正丙基苯,0,ppb
東勢站,17,間-乙基甲苯,0.53,ppb
東勢站,17,對-乙基甲苯,0.32,ppb
東勢站,17,"1,3,5-三甲基苯",0.3,ppb
東勢站,17,鄰-乙基甲苯,0.2,ppb
東勢站,17,"1,2,4-三甲基苯",1.27,ppb
東勢站,17,葵烷,0,ppb
東勢站,17,"1,2,3-三甲基苯",0.42,ppb
東勢站,17,間-二乙基苯,0,ppb
東勢站,17,對-二乙基苯,0,ppbv
東勢站,17,正十一烷,0,ppbv
麥寮站,17,乙烷,1.3,ppb
麥寮站,17,乙烯,2.28,ppb
麥寮站,17,丙烷,0.54,ppb
麥寮站,17,丙烯,2.95,ppb
麥寮站,17,異丁烷,0,ppb
麥寮站,17,正丁烷,0.7,ppb
麥寮站,17,乙炔,4.16,ppb
麥寮站,17,反2-丁烯,0.22,ppb
麥寮站,17,1-丁烯,0.85,ppb
麥寮站,17,順2-丁烯,0.17,ppb
麥寮站,17,環戊烷,0,ppb
麥寮站,17,異戊烷,0.84,ppb
麥寮站,17,正戊烷,0.44,ppb
麥寮站,17,反2-戊烯,0.17,ppb
麥寮站,17,1-戊烯,0,ppb
麥寮站,17,順2-戊烯,0,ppb
麥寮站,17,"2,2-二甲基丁烷",0,ppb
麥寮站,17,"2,3-二甲基丁烷",0.37,ppb
麥寮站,17,2-甲基戊烷,0.69,ppb
麥寮站,17,3-甲基戊烷,0,ppb
麥寮站,17,異戊二烯,0.81,ppb
麥寮站,17,正己烷,2.09,ppb
麥寮站,17,甲基環戊烷,0.65,ppb
麥寮站,17,"2,4-二甲基戊烷",0,ppb
麥寮站,17,苯,1.08,ppb
麥寮站,17,環己烷,0.45,ppb
麥寮站,17,2-甲基己烷,0.62,ppb
麥寮站,17,"2,3-二甲基戊烷",0.23,ppb
麥寮站,17,3-甲基己烷,0.62,ppb
麥寮站,17,"2,2,4-三甲基戊烷",0.15,ppb
麥寮站,17,正庚烷,2.27,ppb
麥寮站,17,甲基環己烷,1.68,ppb
麥寮站,17,"2,3,4-三甲基戊烷",0.16,ppb
麥寮站,17,甲苯,2.61,ppb
麥寮站,17,2-甲基庚烷,0.58,ppb
麥寮站,17,3-甲基庚烷,0.86,ppb
麥寮站,17,正辛烷,2.66,ppb
麥寮站,17,乙苯,0.67,ppb
麥寮站,17,"間,對二甲苯",2.44,ppb
麥寮站,17,苯乙烯,0.29,ppb
麥寮站,17,鄰二甲苯,0.79,ppb
麥寮站,17,正壬烷,1.31,ppb
麥寮站,17,異丙基苯,0,ppb
麥寮站,17,正丙基苯,0.04,ppb
麥寮站,17,間-乙基甲苯,0.45,ppb
麥寮站,17,對-乙基甲苯,0.26,ppb
麥寮站,17,"1,3,5-三甲基苯",0.39,ppb
麥寮站,17,鄰-乙基甲苯,0.18,ppb
麥寮站,17,"1,2,4-三甲基苯",0.66,ppb
麥寮站,17,葵烷,0.21,ppb
麥寮站,17,"1,2,3-三甲基苯",0.18,ppb
麥寮站,17,間-二乙基苯,0,ppb
麥寮站,17,對-二乙基苯,0.11,ppbv
麥寮站,17,正十一烷,0.11,ppbv
台西站,17,乙烷,---,ppb
台西站,17,乙烯,---,ppb
台西站,17,丙烷,---,ppb
台西站,17,丙烯,---,ppb
台西站,17,異丁烷,---,ppb
台西站,17,正丁烷,---,ppb
台西站,17,乙炔,---,ppb
台西站,17,反2-丁烯,---,ppb
台西站,17,1-丁烯,---,ppb
台西站,17,順2-丁烯,---,ppb
台西站,17,環戊烷,---,ppb
台西站,17,異戊烷,---,ppb
台西站,17,正戊烷,---,ppb
台西站,17,反2-戊烯,---,ppb
台西站,17,1-戊烯,---,ppb
台西站,17,順2-戊烯,---,ppb
台西站,17,"2,2-二甲基丁烷",---,ppb
台西站,17,"2,3-二甲基丁烷",---,ppb
台西站,17,2-甲基戊烷,---,ppb
台西站,17,3-甲基戊烷,---,ppb
台西站,17,異戊二烯,---,ppb
台西站,17,正己烷,---,ppb
台西站,17,甲基環戊烷,---,ppb
台西站,17,"2,4-二甲基戊烷",---,ppb
台西站,17,苯,---,ppb
台西站,17,環己烷,---,ppb
台西站,17,2-甲基己烷,---,ppb
台西站,17,"2,3-二甲基戊烷",---,ppb
台西站,17,3-甲基己烷,---,ppb
台西站,17,"2,2,4-三甲基戊烷",---,ppb
台西站,17,正庚烷,---,ppb
台西站,17,甲基環己烷,---,ppb
台西站,17,"2,3,4-三甲基戊烷",---,ppb
台西站,17,甲苯,---,ppb
台西站,17,2-甲基庚烷,---,ppb
台西站,17,3-甲基庚烷,---,ppb
台西站,17,正辛烷,---,ppb
台西站,17,乙苯,---,ppb
台西站,17,"間,對二甲苯",---,ppb
台西站,17,苯乙烯,---,ppb
台西站,17,鄰二甲苯,---,ppb
台西站,17,正壬烷,---,ppb
台西站,17,異丙基苯,---,ppb
台西站,17,正丙基苯,---,ppb
台西站,17,間-乙基甲苯,---,ppb
台西站,17,對-乙基甲苯,---,ppb
台西站,17,"1,3,5-三甲基苯",---,ppb
台西站,17,鄰-乙基甲苯,---,ppb
台西站,17,"1,2,4-三甲基苯",---,ppb
台西站,17,葵烷,---,ppb
台西站,17,"1,2,3-三甲基苯",---,ppb
台西站,17,間-二乙基苯,---,ppb
台西站,17,對-二乙基苯,---,ppbv
台西站,17,正十一烷,---,ppbv
土庫站,17,乙烷,0.93,ppb
土庫站,17,乙烯,0.86,ppb
土庫站,17,丙烷,0.85,ppb
土庫站,17,丙烯,0.83,ppb
土庫站,17,異丁烷,0.51,ppb
土庫站,17,正丁烷,0.65,ppb
土庫站,17,乙炔,3.17,ppb
土庫站,17,反2-丁烯,0.2,ppb
土庫站,17,1-丁烯,0.61,ppb
土庫站,17,順2-丁烯,0,ppb
土庫站,17,環戊烷,0.16,ppb
土庫站,17,異戊烷,0.65,ppb
土庫站,17,正戊烷,0.4,ppb
土庫站,17,反2-戊烯,0.26,ppb
土庫站,17,1-戊烯,0,ppb
土庫站,17,順2-戊烯,0,ppb
土庫站,17,"2,2-二甲基丁烷",0,ppb
土庫站,17,"2,3-二甲基丁烷",0,ppb
土庫站,17,2-甲基戊烷,0.24,ppb
土庫站,17,3-甲基戊烷,0.14,ppb
土庫站,17,異戊二烯,1.07,ppb
土庫站,17,正己烷,0,ppb
土庫站,17,甲基環戊烷,0,ppb
土庫站,17,"2,4-二甲基戊烷",0,ppb
土庫站,17,苯,0,ppb
土庫站,17,環己烷,0,ppb
土庫站,17,2-甲基己烷,0,ppb
土庫站,17,"2,3-二甲基戊烷",0,ppb
土庫站,17,3-甲基己烷,0,ppb
土庫站,17,"2,2,4-三甲基戊烷",0,ppb
土庫站,17,正庚烷,0,ppb
土庫站,17,甲基環己烷,0,ppb
土庫站,17,"2,3,4-三甲基戊烷",0,ppb
土庫站,17,甲苯,2.91,ppb
土庫站,17,2-甲基庚烷,0,ppb
土庫站,17,3-甲基庚烷,0,ppb
土庫站,17,正辛烷,0,ppb
土庫站,17,乙苯,0.36,ppb
土庫站,17,"間,對二甲苯",2.24,ppb
土庫站,17,苯乙烯,0,ppb
土庫站,17,鄰二甲苯,0.69,ppb
土庫站,17,正壬烷,0,ppb
土庫站,17,異丙基苯,0,ppb
土庫站,17,正丙基苯,0,ppb
土庫站,17,間-乙基甲苯,0.42,ppb
土庫站,17,對-乙基甲苯,0,ppb
土庫站,17,"1,3,5-三甲基苯",0.22,ppb
土庫站,17,鄰-乙基甲苯,0,ppb
土庫站,17,"1,2,4-三甲基苯",1.1,ppb
土庫站,17,葵烷,0,ppb
土庫站,17,"1,2,3-三甲基苯",0,ppb
土庫站,17,間-二乙基苯,0,ppb
土庫站,17,對-二乙基苯,0,ppbv
土庫站,17,正十一烷,0,ppbv
西螺站,17,乙烷,0.87,ppb
西螺站,17,乙烯,1.41,ppb
西螺站,17,丙烷,0.79,ppb
西螺站,17,丙烯,0.88,ppb
西螺站,17,異丁烷,0.45,ppb
西螺站,17,正丁烷,1.06,ppb
西螺站,17,乙炔,1.81,ppb
西螺站,17,反2-丁烯,0.19,ppb
西螺站,17,1-丁烯,0.38,ppb
西螺站,17,順2-丁烯,0.11,ppb
西螺站,17,環戊烷,0.37,ppb
西螺站,17,異戊烷,1.88,ppb
西螺站,17,正戊烷,0.95,ppb
西螺站,17,反2-戊烯,0.26,ppb
西螺站,17,1-戊烯,0,ppb
西螺站,17,順2-戊烯,0,ppb
西螺站,17,"2,2-二甲基丁烷",0,ppb
西螺站,17,"2,3-二甲基丁烷",0.21,ppb
西螺站,17,2-甲基戊烷,0.53,ppb
西螺站,17,3-甲基戊烷,0.35,ppb
西螺站,17,異戊二烯,0.4,ppb
西螺站,17,正己烷,0.11,ppb
西螺站,17,甲基環戊烷,0.2,ppb
西螺站,17,"2,4-二甲基戊烷",0,ppb
西螺站,17,苯,0.08,ppb
西螺站,17,環己烷,0,ppb
西螺站,17,2-甲基己烷,0.1,ppb
西螺站,17,"2,3-二甲基戊烷",0,ppb
西螺站,17,3-甲基己烷,0.28,ppb
西螺站,17,"2,2,4-三甲基戊烷",0.6,ppb
西螺站,17,正庚烷,0.24,ppb
西螺站,17,甲基環己烷,0,ppb
西螺站,17,"2,3,4-三甲基戊烷",0.19,ppb
西螺站,17,甲苯,6.59,ppb
西螺站,17,2-甲基庚烷,0,ppb
西螺站,17,3-甲基庚烷,0.05,ppb
西螺站,17,正辛烷,0,ppb
西螺站,17,乙苯,0.78,ppb
西螺站,17,"間,對二甲苯",1.86,ppb
西螺站,17,苯乙烯,0.02,ppb
西螺站,17,鄰二甲苯,0.56,ppb
西螺站,17,正壬烷,0.04,ppb
西螺站,17,異丙基苯,0.01,ppb
西螺站,17,正丙基苯,0.08,ppb
西螺站,17,間-乙基甲苯,0.33,ppb
西螺站,17,對-乙基甲苯,0.02,ppb
西螺站,17,"1,3,5-三甲基苯",0.04,ppb
西螺站,17,鄰-乙基甲苯,0.11,ppb
西螺站,17,"1,2,4-三甲基苯",0.62,ppb
西螺站,17,葵烷,0.01,ppb
西螺站,17,"1,2,3-三甲基苯",0.04,ppb
西螺站,17,間-二乙基苯,0.02,ppb
西螺站,17,對-二乙基苯,0.01,ppbv
西螺站,17,正十一烷,0.02,ppbv
大城站,18,乙烷,0.53,ppb
大城站,18,乙烯,0.29,ppb
大城站,18,丙烷,0.14,ppb
大城站,18,丙烯,0,ppb
大城站,18,異丁烷,0,ppb
大城站,18,正丁烷,0.25,ppb
大城站,18,乙炔,1.31,ppb
大城站,18,反2-丁烯,0,ppb
大城站,18,1-丁烯,0.3,ppb
大城站,18,順2-丁烯,0,ppb
大城站,18,環戊烷,0,ppb
大城站,18,異戊烷,0.29,ppb
大城站,18,正戊烷,0.19,ppb
大城站,18,反2-戊烯,0,ppb
大城站,18,1-戊烯,0,ppb
大城站,18,順2-戊烯,0,ppb
大城站,18,"2,2-二甲基丁烷",0,ppb
大城站,18,"2,3-二甲基丁烷",0,ppb
大城站,18,2-甲基戊烷,0,ppb
大城站,18,3-甲基戊烷,0,ppb
大城站,18,異戊二烯,0,ppb
大城站,18,正己烷,0,ppb
大城站,18,甲基環戊烷,0,ppb
大城站,18,"2,4-二甲基戊烷",0,ppb
大城站,18,苯,0,ppb
大城站,18,環己烷,0,ppb
大城站,18,2-甲基己烷,0,ppb
大城站,18,"2,3-二甲基戊烷",0,ppb
大城站,18,3-甲基己烷,0,ppb
大城站,18,"2,2,4-三甲基戊烷",0,ppb
大城站,18,正庚烷,0,ppb
大城站,18,甲基環己烷,0,ppb
大城站,18,"2,3,4-三甲基戊烷",0,ppb
大城站,18,甲苯,0,ppb
大城站,18,2-甲基庚烷,0,ppb
大城站,18,3-甲基庚烷,0,ppb
大城站,18,正辛烷,0,ppb
大城站,18,乙苯,0,ppb
大城站,18,"間,對二甲苯",0.28,ppb
大城站,18,苯乙烯,0,ppb
大城站,18,鄰二甲苯,0,ppb
大城站,18,正壬烷,0,ppb
大城站,18,異丙基苯,0,ppb
大城站,18,正丙基苯,0,ppb
大城站,18,間-乙基甲苯,0,ppb
大城站,18,對-乙基甲苯,0,ppb
大城站,18,"1,3,5-三甲基苯",0,ppb
大城站,18,鄰-乙基甲苯,0,ppb
大城站,18,"1,2,4-三甲基苯",0,ppb
大城站,18,葵烷,0,ppb
大城站,18,"1,2,3-三甲基苯",0,ppb
大城站,18,間-二乙基苯,0,ppb
大城站,18,對-二乙基苯,0,ppbv
大城站,18,正十一烷,0,ppbv
東石站,18,乙烷,0.58,ppb
東石站,18,乙烯,0.26,ppb
東石站,18,丙烷,0,ppb
東石站,18,丙烯,0.47,ppb
東石站,18,異丁烷,0.47,ppb
東石站,18,正丁烷,0.8,ppb
東石站,18,乙炔,1.13,ppb
東石站,18,反2-丁烯,0,ppb
東石站,18,1-丁烯,0.45,ppb
東石站,18,順2-丁烯,0,ppb
東石站,18,環戊烷,0,ppb
東石站,18,異戊烷,0.2,ppb
東石站,18,正戊烷,0,ppb
東石站,18,反2-戊烯,0,ppb
東石站,18,1-戊烯,0,ppb
東石站,18,順2-戊烯,0,ppb
東石站,18,"2,2-二甲基丁烷",0,ppb
東石站,18,"2,3-二甲基丁烷",0,ppb
東石站,18,2-甲基戊烷,0,ppb
東石站,18,3-甲基戊烷,0,ppb
東石站,18,異戊二烯,0.25,ppb
東石站,18,正己烷,0,ppb
東石站,18,甲基環戊烷,0,ppb
東石站,18,"2,4-二甲基戊烷",0,ppb
東石站,18,苯,0,ppb
東石站,18,環己烷,0,ppb
東石站,18,2-甲基己烷,0,ppb
東石站,18,"2,3-二甲基戊烷",0,ppb
東石站,18,3-甲基己烷,0,ppb
東石站,18,"2,2,4-三甲基戊烷",0,ppb
東石站,18,正庚烷,0,ppb
東石站,18,甲基環己烷,0,ppb
東石站,18,"2,3,4-三甲基戊烷",0,ppb
東石站,18,甲苯,0,ppb
東石站,18,2-甲基庚烷,0,ppb
東石站,18,3-甲基庚烷,0,ppb
東石站,18,正辛烷,0,ppb
東石站,18,乙苯,0,ppb
東石站,18,"間,對二甲苯",0,ppb
東石站,18,苯乙烯,0,ppb
東石站,18,鄰二甲苯,0,ppb
東石站,18,正壬烷,0,ppb
東石站,18,異丙基苯,0,ppb
東石站,18,正丙基苯,0,ppb
東石站,18,間-乙基甲苯,0,ppb
東石站,18,對-乙基甲苯,0,ppb
東石站,18,"1,3,5-三甲基苯",0,ppb
東石站,18,鄰-乙基甲苯,0,ppb
東石站,18,"1,2,4-三甲基苯",0,ppb
東石站,18,葵烷,0,ppb
東石站,18,"1,2,3-三甲基苯",0,ppb
東石站,18,間-二乙基苯,0,ppb
東石站,18,對-二乙基苯,0,ppbv
東石站,18,正十一烷,0,ppbv
褒忠站,18,乙烷,0.52,ppb
褒忠站,18,乙烯,0.68,ppb
褒忠站,18,丙烷,0,ppb
褒忠站,18,丙烯,0.47,ppb
褒忠站,18,異丁烷,0.37,ppb
褒忠站,18,正丁烷,0.71,ppb
褒忠站,18,乙炔,0.8,ppb
褒忠站,18,反2-丁烯,0.15,ppb
褒忠站,18,1-丁烯,1.46,ppb
褒忠站,18,順2-丁烯,0,ppb
褒忠站,18,環戊烷,0.69,ppb
褒忠站,18,異戊烷,1.06,ppb
褒忠站,18,正戊烷,0.45,ppb
褒忠站,18,反2-戊烯,0.13,ppb
褒忠站,18,1-戊烯,0,ppb
褒忠站,18,順2-戊烯,0,ppb
褒忠站,18,"2,2-二甲基丁烷",0,ppb
褒忠站,18,"2,3-二甲基丁烷",0,ppb
褒忠站,18,2-甲基戊烷,0.15,ppb
褒忠站,18,3-甲基戊烷,0.13,ppb
褒忠站,18,異戊二烯,0.45,ppb
褒忠站,18,正己烷,0.09,ppb
褒忠站,18,甲基環戊烷,0,ppb
褒忠站,18,"2,4-二甲基戊烷",0,ppb
褒忠站,18,苯,0.03,ppb
褒忠站,18,環己烷,0.04,ppb
褒忠站,18,2-甲基己烷,0,ppb
褒忠站,18,"2,3-二甲基戊烷",0,ppb
褒忠站,18,3-甲基己烷,0.03,ppb
褒忠站,18,"2,2,4-三甲基戊烷",0.13,ppb
褒忠站,18,正庚烷,0,ppb
褒忠站,18,甲基環己烷,0.08,ppb
褒忠站,18,"2,3,4-三甲基戊烷",0.07,ppb
褒忠站,18,甲苯,0.82,ppb
褒忠站,18,2-甲基庚烷,0,ppb
褒忠站,18,3-甲基庚烷,0.09,ppb
褒忠站,18,正辛烷,0.06,ppb
褒忠站,18,乙苯,0.1,ppb
褒忠站,18,"間,對二甲苯",0.51,ppb
褒忠站,18,苯乙烯,0,ppb
褒忠站,18,鄰二甲苯,0,ppb
褒忠站,18,正壬烷,0.04,ppb
褒忠站,18,異丙基苯,0.07,ppb
褒忠站,18,正丙基苯,0,ppb
褒忠站,18,間-乙基甲苯,0.19,ppb
褒忠站,18,對-乙基甲苯,0,ppb
褒忠站,18,"1,3,5-三甲基苯",0.02,ppb
褒忠站,18,鄰-乙基甲苯,0.03,ppb
褒忠站,18,"1,2,4-三甲基苯",0.07,ppb
褒忠站,18,葵烷,0.09,ppb
褒忠站,18,"1,2,3-三甲基苯",0.18,ppb
褒忠站,18,間-二乙基苯,0.01,ppb
褒忠站,18,對-二乙基苯,0,ppbv
褒忠站,18,正十一烷,0.03,ppbv
崙背站,18,乙烷,0.64,ppb
崙背站,18,乙烯,0.65,ppb
崙背站,18,丙烷,1.27,ppb
崙背站,18,丙烯,0.47,ppb
崙背站,18,異丁烷,1.07,ppb
崙背站,18,正丁烷,1.65,ppb
崙背站,18,乙炔,1.58,ppb
崙背站,18,反2-丁烯,0.29,ppb
崙背站,18,1-丁烯,0.49,ppb
崙背站,18,順2-丁烯,0,ppb
崙背站,18,環戊烷,0.33,ppb
崙背站,18,異戊烷,1.32,ppb
崙背站,18,正戊烷,0.5,ppb
崙背站,18,反2-戊烯,0,ppb
崙背站,18,1-戊烯,0,ppb
崙背站,18,順2-戊烯,0,ppb
崙背站,18,"2,2-二甲基丁烷",0,ppb
崙背站,18,"2,3-二甲基丁烷",0,ppb
崙背站,18,2-甲基戊烷,0.24,ppb
崙背站,18,3-甲基戊烷,0.17,ppb
崙背站,18,異戊二烯,0.28,ppb
崙背站,18,正己烷,0,ppb
崙背站,18,甲基環戊烷,0,ppb
崙背站,18,"2,4-二甲基戊烷",0,ppb
崙背站,18,苯,0,ppb
崙背站,18,環己烷,0,ppb
崙背站,18,2-甲基己烷,0,ppb
崙背站,18,"2,3-二甲基戊烷",0,ppb
崙背站,18,3-甲基己烷,0,ppb
崙背站,18,"2,2,4-三甲基戊烷",0,ppb
崙背站,18,正庚烷,0,ppb
崙背站,18,甲基環己烷,0,ppb
崙背站,18,"2,3,4-三甲基戊烷",0,ppb
崙背站,18,甲苯,0.18,ppb
崙背站,18,2-甲基庚烷,0,ppb
崙背站,18,3-甲基庚烷,0,ppb
崙背站,18,正辛烷,0,ppb
崙背站,18,乙苯,0,ppb
崙背站,18,"間,對二甲苯",0,ppb
崙背站,18,苯乙烯,0,ppb
崙背站,18,鄰二甲苯,0,ppb
崙背站,18,正壬烷,0,ppb
崙背站,18,異丙基苯,0,ppb
崙背站,18,正丙基苯,0,ppb
崙背站,18,間-乙基甲苯,0,ppb
崙背站,18,對-乙基甲苯,0,ppb
崙背站,18,"1,3,5-三甲基苯",0,ppb
崙背站,18,鄰-乙基甲苯,0,ppb
崙背站,18,"1,2,4-三甲基苯",0.41,ppb
崙背站,18,葵烷,0,ppb
崙背站,18,"1,2,3-三甲基苯",0,ppb
崙背站,18,間-二乙基苯,0,ppb
崙背站,18,對-二乙基苯,0,ppbv
崙背站,18,正十一烷,0,ppbv
四湖站,18,乙烷,1.03,ppb
四湖站,18,乙烯,0.67,ppb
四湖站,18,丙烷,0.47,ppb
四湖站,18,丙烯,0.93,ppb
四湖站,18,異丁烷,0.15,ppb
四湖站,18,正丁烷,0.3,ppb
四湖站,18,乙炔,1.14,ppb
四湖站,18,反2-丁烯,0.11,ppb
四湖站,18,1-丁烯,1.66,ppb
四湖站,18,順2-丁烯,0,ppb
四湖站,18,環戊烷,0,ppb
四湖站,18,異戊烷,0.22,ppb
四湖站,18,正戊烷,0.13,ppb
四湖站,18,反2-戊烯,0,ppb
四湖站,18,1-戊烯,0,ppb
四湖站,18,順2-戊烯,0,ppb
四湖站,18,"2,2-二甲基丁烷",0,ppb
四湖站,18,"2,3-二甲基丁烷",0,ppb
四湖站,18,2-甲基戊烷,0,ppb
四湖站,18,3-甲基戊烷,0,ppb
四湖站,18,異戊二烯,0.54,ppb
四湖站,18,正己烷,0,ppb
四湖站,18,甲基環戊烷,0,ppb
四湖站,18,"2,4-二甲基戊烷",0,ppb
四湖站,18,苯,0.46,ppb
四湖站,18,環己烷,0,ppb
四湖站,18,2-甲基己烷,0,ppb
四湖站,18,"2,3-二甲基戊烷",0,ppb
四湖站,18,3-甲基己烷,0,ppb
四湖站,18,"2,2,4-三甲基戊烷",0,ppb
四湖站,18,正庚烷,0,ppb
四湖站,18,甲基環己烷,0,ppb
四湖站,18,"2,3,4-三甲基戊烷",0,ppb
四湖站,18,甲苯,2.64,ppb
四湖站,18,2-甲基庚烷,0,ppb
四湖站,18,3-甲基庚烷,0,ppb
四湖站,18,正辛烷,0,ppb
四湖站,18,乙苯,0.42,ppb
四湖站,18,"間,對二甲苯",1.67,ppb
四湖站,18,苯乙烯,0.59,ppb
四湖站,18,鄰二甲苯,0.42,ppb
四湖站,18,正壬烷,0,ppb
四湖站,18,異丙基苯,0,ppb
四湖站,18,正丙基苯,0,ppb
四湖站,18,間-乙基甲苯,0.35,ppb
四湖站,18,對-乙基甲苯,0,ppb
四湖站,18,"1,3,5-三甲基苯",0.2,ppb
四湖站,18,鄰-乙基甲苯,0,ppb
四湖站,18,"1,2,4-三甲基苯",0.86,ppb
四湖站,18,葵烷,0,ppb
四湖站,18,"1,2,3-三甲基苯",0,ppb
四湖站,18,間-二乙基苯,0,ppb
四湖站,18,對-二乙基苯,0,ppbv
四湖站,18,正十一烷,0,ppbv
東勢站,18,乙烷,0.52,ppb
東勢站,18,乙烯,0.73,ppb
東勢站,18,丙烷,0.4,ppb
東勢站,18,丙烯,0.41,ppb
東勢站,18,異丁烷,0.44,ppb
東勢站,18,正丁烷,0.83,ppb
東勢站,18,乙炔,2.24,ppb
東勢站,18,反2-丁烯,0.21,ppb
東勢站,18,1-丁烯,0.44,ppb
東勢站,18,順2-丁烯,0.19,ppb
東勢站,18,環戊烷,0,ppb
東勢站,18,異戊烷,0.96,ppb
東勢站,18,正戊烷,0.5,ppb
東勢站,18,反2-戊烯,0.31,ppb
東勢站,18,1-戊烯,0,ppb
東勢站,18,順2-戊烯,0,ppb
東勢站,18,"2,2-二甲基丁烷",0,ppb
東勢站,18,"2,3-二甲基丁烷",0,ppb
東勢站,18,2-甲基戊烷,0.16,ppb
東勢站,18,3-甲基戊烷,0,ppb
東勢站,18,異戊二烯,0.37,ppb
東勢站,18,正己烷,0,ppb
東勢站,18,甲基環戊烷,0,ppb
東勢站,18,"2,4-二甲基戊烷",0,ppb
東勢站,18,苯,0,ppb
東勢站,18,環己烷,0,ppb
東勢站,18,2-甲基己烷,0,ppb
東勢站,18,"2,3-二甲基戊烷",0,ppb
東勢站,18,3-甲基己烷,0,ppb
東勢站,18,"2,2,4-三甲基戊烷",0,ppb
東勢站,18,正庚烷,0,ppb
東勢站,18,甲基環己烷,0,ppb
東勢站,18,"2,3,4-三甲基戊烷",0,ppb
東勢站,18,甲苯,1.96,ppb
東勢站,18,2-甲基庚烷,0,ppb
東勢站,18,3-甲基庚烷,0,ppb
東勢站,18,正辛烷,0,ppb
東勢站,18,乙苯,0.37,ppb
東勢站,18,"間,對二甲苯",1.15,ppb
東勢站,18,苯乙烯,0,ppb
東勢站,18,鄰二甲苯,0.52,ppb
東勢站,18,正壬烷,0,ppb
東勢站,18,異丙基苯,0.03,ppb
東勢站,18,正丙基苯,0,ppb
東勢站,18,間-乙基甲苯,0.37,ppb
東勢站,18,對-乙基甲苯,0.18,ppb
東勢站,18,"1,3,5-三甲基苯",0.23,ppb
東勢站,18,鄰-乙基甲苯,0.15,ppb
東勢站,18,"1,2,4-三甲基苯",1,ppb
東勢站,18,葵烷,0,ppb
東勢站,18,"1,2,3-三甲基苯",0.27,ppb
東勢站,18,間-二乙基苯,0,ppb
東勢站,18,對-二乙基苯,0.09,ppbv
東勢站,18,正十一烷,0,ppbv
麥寮站,18,乙烷,0.63,ppb
麥寮站,18,乙烯,0.96,ppb
麥寮站,18,丙烷,0.41,ppb
麥寮站,18,丙烯,1.47,ppb
麥寮站,18,異丁烷,0,ppb
麥寮站,18,正丁烷,0.57,ppb
麥寮站,18,乙炔,3.73,ppb
麥寮站,18,反2-丁烯,0,ppb
麥寮站,18,1-丁烯,0.53,ppb
麥寮站,18,順2-丁烯,0,ppb
麥寮站,18,環戊烷,0,ppb
麥寮站,18,異戊烷,0.39,ppb
麥寮站,18,正戊烷,0.25,ppb
麥寮站,18,反2-戊烯,0,ppb
麥寮站,18,1-戊烯,0,ppb
麥寮站,18,順2-戊烯,0,ppb
麥寮站,18,"2,2-二甲基丁烷",0,ppb
麥寮站,18,"2,3-二甲基丁烷",0.17,ppb
麥寮站,18,2-甲基戊烷,0.23,ppb
麥寮站,18,3-甲基戊烷,0,ppb
麥寮站,18,異戊二烯,0,ppb
麥寮站,18,正己烷,0.47,ppb
麥寮站,18,甲基環戊烷,0.23,ppb
麥寮站,18,"2,4-二甲基戊烷",0,ppb
麥寮站,18,苯,0.54,ppb
麥寮站,18,環己烷,0.12,ppb
麥寮站,18,2-甲基己烷,0,ppb
麥寮站,18,"2,3-二甲基戊烷",0,ppb
麥寮站,18,3-甲基己烷,0.1,ppb
麥寮站,18,"2,2,4-三甲基戊烷",0,ppb
麥寮站,18,正庚烷,0.64,ppb
麥寮站,18,甲基環己烷,0.39,ppb
麥寮站,18,"2,3,4-三甲基戊烷",0,ppb
麥寮站,18,甲苯,3.31,ppb
麥寮站,18,2-甲基庚烷,0.43,ppb
麥寮站,18,3-甲基庚烷,0.2,ppb
麥寮站,18,正辛烷,0.75,ppb
麥寮站,18,乙苯,0.42,ppb
麥寮站,18,"間,對二甲苯",0.93,ppb
麥寮站,18,苯乙烯,0,ppb
麥寮站,18,鄰二甲苯,0.62,ppb
麥寮站,18,正壬烷,0.45,ppb
麥寮站,18,異丙基苯,0,ppb
麥寮站,18,正丙基苯,0.02,ppb
麥寮站,18,間-乙基甲苯,0.32,ppb
麥寮站,18,對-乙基甲苯,0.16,ppb
麥寮站,18,"1,3,5-三甲基苯",0.19,ppb
麥寮站,18,鄰-乙基甲苯,0.06,ppb
麥寮站,18,"1,2,4-三甲基苯",0.61,ppb
麥寮站,18,葵烷,0,ppb
麥寮站,18,"1,2,3-三甲基苯",0.14,ppb
麥寮站,18,間-二乙基苯,0,ppb
麥寮站,18,對-二乙基苯,0.02,ppbv
麥寮站,18,正十一烷,0,ppbv
台西站,18,乙烷,---,ppb
台西站,18,乙烯,---,ppb
台西站,18,丙烷,---,ppb
台西站,18,丙烯,---,ppb
台西站,18,異丁烷,---,ppb
台西站,18,正丁烷,---,ppb
台西站,18,乙炔,---,ppb
台西站,18,反2-丁烯,---,ppb
台西站,18,1-丁烯,---,ppb
台西站,18,順2-丁烯,---,ppb
台西站,18,環戊烷,---,ppb
台西站,18,異戊烷,---,ppb
台西站,18,正戊烷,---,ppb
台西站,18,反2-戊烯,---,ppb
台西站,18,1-戊烯,---,ppb
台西站,18,順2-戊烯,---,ppb
台西站,18,"2,2-二甲基丁烷",---,ppb
台西站,18,"2,3-二甲基丁烷",---,ppb
台西站,18,2-甲基戊烷,---,ppb
台西站,18,3-甲基戊烷,---,ppb
台西站,18,異戊二烯,---,ppb
台西站,18,正己烷,---,ppb
台西站,18,甲基環戊烷,---,ppb
台西站,18,"2,4-二甲基戊烷",---,ppb
台西站,18,苯,---,ppb
台西站,18,環己烷,---,ppb
台西站,18,2-甲基己烷,---,ppb
台西站,18,"2,3-二甲基戊烷",---,ppb
台西站,18,3-甲基己烷,---,ppb
台西站,18,"2,2,4-三甲基戊烷",---,ppb
台西站,18,正庚烷,---,ppb
台西站,18,甲基環己烷,---,ppb
台西站,18,"2,3,4-三甲基戊烷",---,ppb
台西站,18,甲苯,---,ppb
台西站,18,2-甲基庚烷,---,ppb
台西站,18,3-甲基庚烷,---,ppb
台西站,18,正辛烷,---,ppb
台西站,18,乙苯,---,ppb
台西站,18,"間,對二甲苯",---,ppb
台西站,18,苯乙烯,---,ppb
台西站,18,鄰二甲苯,---,ppb
台西站,18,正壬烷,---,ppb
台西站,18,異丙基苯,---,ppb
台西站,18,正丙基苯,---,ppb
台西站,18,間-乙基甲苯,---,ppb
台西站,18,對-乙基甲苯,---,ppb
台西站,18,"1,3,5-三甲基苯",---,ppb
台西站,18,鄰-乙基甲苯,---,ppb
台西站,18,"1,2,4-三甲基苯",---,ppb
台西站,18,葵烷,---,ppb
台西站,18,"1,2,3-三甲基苯",---,ppb
台西站,18,間-二乙基苯,---,ppb
台西站,18,對-二乙基苯,---,ppbv
台西站,18,正十一烷,---,ppbv
土庫站,18,乙烷,0.72,ppb
土庫站,18,乙烯,1.03,ppb
土庫站,18,丙烷,0.77,ppb
土庫站,18,丙烯,0.6,ppb
土庫站,18,異丁烷,0.59,ppb
土庫站,18,正丁烷,1.17,ppb
土庫站,18,乙炔,7.74,ppb
土庫站,18,反2-丁烯,0.29,ppb
土庫站,18,1-丁烯,0.39,ppb
土庫站,18,順2-丁烯,0,ppb
土庫站,18,環戊烷,0.35,ppb
土庫站,18,異戊烷,0.99,ppb
土庫站,18,正戊烷,0.54,ppb
土庫站,18,反2-戊烯,0.22,ppb
土庫站,18,1-戊烯,0,ppb
土庫站,18,順2-戊烯,0,ppb
土庫站,18,"2,2-二甲基丁烷",0.39,ppb
土庫站,18,"2,3-二甲基丁烷",0,ppb
土庫站,18,2-甲基戊烷,0.33,ppb
土庫站,18,3-甲基戊烷,0.18,ppb
土庫站,18,異戊二烯,0.29,ppb
土庫站,18,正己烷,0,ppb
土庫站,18,甲基環戊烷,0,ppb
土庫站,18,"2,4-二甲基戊烷",0,ppb
土庫站,18,苯,0.1,ppb
土庫站,18,環己烷,0,ppb
土庫站,18,2-甲基己烷,0,ppb
土庫站,18,"2,3-二甲基戊烷",0,ppb
土庫站,18,3-甲基己烷,0,ppb
土庫站,18,"2,2,4-三甲基戊烷",0,ppb
土庫站,18,正庚烷,0,ppb
土庫站,18,甲基環己烷,0,ppb
土庫站,18,"2,3,4-三甲基戊烷",0,ppb
土庫站,18,甲苯,1.34,ppb
土庫站,18,2-甲基庚烷,0,ppb
土庫站,18,3-甲基庚烷,0,ppb
土庫站,18,正辛烷,0,ppb
土庫站,18,乙苯,0,ppb
土庫站,18,"間,對二甲苯",1.33,ppb
土庫站,18,苯乙烯,0,ppb
土庫站,18,鄰二甲苯,0.41,ppb
土庫站,18,正壬烷,0,ppb
土庫站,18,異丙基苯,0,ppb
土庫站,18,正丙基苯,0,ppb
土庫站,18,間-乙基甲苯,0.46,ppb
土庫站,18,對-乙基甲苯,0.2,ppb
土庫站,18,"1,3,5-三甲基苯",0,ppb
土庫站,18,鄰-乙基甲苯,0,ppb
土庫站,18,"1,2,4-三甲基苯",1.16,ppb
土庫站,18,葵烷,0,ppb
土庫站,18,"1,2,3-三甲基苯",0.26,ppb
土庫站,18,間-二乙基苯,0,ppb
土庫站,18,對-二乙基苯,0,ppbv
土庫站,18,正十一烷,0,ppbv
西螺站,18,乙烷,1.13,ppb
西螺站,18,乙烯,1.91,ppb
西螺站,18,丙烷,1.11,ppb
西螺站,18,丙烯,1.36,ppb
西螺站,18,異丁烷,0.71,ppb
西螺站,18,正丁烷,1.61,ppb
西螺站,18,乙炔,2.46,ppb
西螺站,18,反2-丁烯,0.33,ppb
西螺站,18,1-丁烯,0.48,ppb
西螺站,18,順2-丁烯,0.22,ppb
西螺站,18,環戊烷,0.38,ppb
西螺站,18,異戊烷,3.48,ppb
西螺站,18,正戊烷,1.64,ppb
西螺站,18,反2-戊烯,0.43,ppb
西螺站,18,1-戊烯,0.24,ppb
西螺站,18,順2-戊烯,0,ppb
西螺站,18,"2,2-二甲基丁烷",0,ppb
西螺站,18,"2,3-二甲基丁烷",0.27,ppb
西螺站,18,2-甲基戊烷,0.82,ppb
西螺站,18,3-甲基戊烷,0.68,ppb
西螺站,18,異戊二烯,0.34,ppb
西螺站,18,正己烷,0.46,ppb
西螺站,18,甲基環戊烷,0.27,ppb
西螺站,18,"2,4-二甲基戊烷",0,ppb
西螺站,18,苯,0.52,ppb
西螺站,18,環己烷,0.04,ppb
西螺站,18,2-甲基己烷,0.17,ppb
西螺站,18,"2,3-二甲基戊烷",0,ppb
西螺站,18,3-甲基己烷,0.25,ppb
西螺站,18,"2,2,4-三甲基戊烷",0.87,ppb
西螺站,18,正庚烷,0.19,ppb
西螺站,18,甲基環己烷,0.12,ppb
西螺站,18,"2,3,4-三甲基戊烷",0.41,ppb
西螺站,18,甲苯,6.78,ppb
西螺站,18,2-甲基庚烷,0,ppb
西螺站,18,3-甲基庚烷,0.19,ppb
西螺站,18,正辛烷,0.06,ppb
西螺站,18,乙苯,0.87,ppb
西螺站,18,"間,對二甲苯",2.55,ppb
西螺站,18,苯乙烯,0.01,ppb
西螺站,18,鄰二甲苯,0.86,ppb
西螺站,18,正壬烷,0.03,ppb
西螺站,18,異丙基苯,0.02,ppb
西螺站,18,正丙基苯,0.09,ppb
西螺站,18,間-乙基甲苯,0.64,ppb
西螺站,18,對-乙基甲苯,0.05,ppb
西螺站,18,"1,3,5-三甲基苯",0.2,ppb
西螺站,18,鄰-乙基甲苯,0.19,ppb
西螺站,18,"1,2,4-三甲基苯",1.56,ppb
西螺站,18,葵烷,0,ppb
西螺站,18,"1,2,3-三甲基苯",0.3,ppb
西螺站,18,間-二乙基苯,0,ppb
西螺站,18,對-二乙基苯,0.12,ppbv
西螺站,18,正十一烷,0.03,ppbv
大城站,19,乙烷,0.6,ppb
大城站,19,乙烯,0.29,ppb
大城站,19,丙烷,0.39,ppb
大城站,19,丙烯,0,ppb
大城站,19,異丁烷,0.27,ppb
大城站,19,正丁烷,0.45,ppb
大城站,19,乙炔,1.99,ppb
大城站,19,反2-丁烯,0.18,ppb
大城站,19,1-丁烯,0.36,ppb
大城站,19,順2-丁烯,0,ppb
大城站,19,環戊烷,0,ppb
大城站,19,異戊烷,0.43,ppb
大城站,19,正戊烷,0.26,ppb
大城站,19,反2-戊烯,0,ppb
大城站,19,1-戊烯,0,ppb
大城站,19,順2-戊烯,0,ppb
大城站,19,"2,2-二甲基丁烷",0,ppb
大城站,19,"2,3-二甲基丁烷",0,ppb
大城站,19,2-甲基戊烷,0.16,ppb
大城站,19,3-甲基戊烷,0,ppb
大城站,19,異戊二烯,0,ppb
大城站,19,正己烷,0,ppb
大城站,19,甲基環戊烷,0,ppb
大城站,19,"2,4-二甲基戊烷",0,ppb
大城站,19,苯,0,ppb
大城站,19,環己烷,0,ppb
大城站,19,2-甲基己烷,0,ppb
大城站,19,"2,3-二甲基戊烷",0,ppb
大城站,19,3-甲基己烷,0,ppb
大城站,19,"2,2,4-三甲基戊烷",0,ppb
大城站,19,正庚烷,0,ppb
大城站,19,甲基環己烷,0,ppb
大城站,19,"2,3,4-三甲基戊烷",0,ppb
大城站,19,甲苯,0.14,ppb
大城站,19,2-甲基庚烷,0,ppb
大城站,19,3-甲基庚烷,0,ppb
大城站,19,正辛烷,0,ppb
大城站,19,乙苯,0,ppb
大城站,19,"間,對二甲苯",0.37,ppb
大城站,19,苯乙烯,0,ppb
大城站,19,鄰二甲苯,0,ppb
大城站,19,正壬烷,0,ppb
大城站,19,異丙基苯,0,ppb
大城站,19,正丙基苯,0,ppb
大城站,19,間-乙基甲苯,0,ppb
大城站,19,對-乙基甲苯,0,ppb
大城站,19,"1,3,5-三甲基苯",0,ppb
大城站,19,鄰-乙基甲苯,0,ppb
大城站,19,"1,2,4-三甲基苯",0,ppb
大城站,19,葵烷,0,ppb
大城站,19,"1,2,3-三甲基苯",0,ppb
大城站,19,間-二乙基苯,0,ppb
大城站,19,對-二乙基苯,0,ppbv
大城站,19,正十一烷,0,ppbv
東石站,19,乙烷,0.51,ppb
東石站,19,乙烯,0.16,ppb
東石站,19,丙烷,0,ppb
東石站,19,丙烯,0,ppb
東石站,19,異丁烷,0.22,ppb
東石站,19,正丁烷,0.46,ppb
東石站,19,乙炔,0,ppb
東石站,19,反2-丁烯,0,ppb
東石站,19,1-丁烯,0.64,ppb
東石站,19,順2-丁烯,0,ppb
東石站,19,環戊烷,0,ppb
東石站,19,異戊烷,0.29,ppb
東石站,19,正戊烷,0,ppb
東石站,19,反2-戊烯,0,ppb
東石站,19,1-戊烯,0,ppb
東石站,19,順2-戊烯,0,ppb
東石站,19,"2,2-二甲基丁烷",0,ppb
東石站,19,"2,3-二甲基丁烷",0,ppb
東石站,19,2-甲基戊烷,0,ppb
東石站,19,3-甲基戊烷,0,ppb
東石站,19,異戊二烯,0,ppb
東石站,19,正己烷,0,ppb
東石站,19,甲基環戊烷,0,ppb
東石站,19,"2,4-二甲基戊烷",0,ppb
東石站,19,苯,0,ppb
東石站,19,環己烷,0,ppb
東石站,19,2-甲基己烷,0,ppb
東石站,19,"2,3-二甲基戊烷",0,ppb
東石站,19,3-甲基己烷,0,ppb
東石站,19,"2,2,4-三甲基戊烷",0,ppb
東石站,19,正庚烷,0,ppb
東石站,19,甲基環己烷,0,ppb
東石站,19,"2,3,4-三甲基戊烷",0,ppb
東石站,19,甲苯,0.34,ppb
東石站,19,2-甲基庚烷,0,ppb
東石站,19,3-甲基庚烷,0,ppb
東石站,19,正辛烷,0,ppb
東石站,19,乙苯,0,ppb
東石站,19,"間,對二甲苯",0,ppb
東石站,19,苯乙烯,0,ppb
東石站,19,鄰二甲苯,0,ppb
東石站,19,正壬烷,0,ppb
東石站,19,異丙基苯,0,ppb
東石站,19,正丙基苯,0,ppb
東石站,19,間-乙基甲苯,0,ppb
東石站,19,對-乙基甲苯,0,ppb
東石站,19,"1,3,5-三甲基苯",0,ppb
東石站,19,鄰-乙基甲苯,0,ppb
東石站,19,"1,2,4-三甲基苯",0,ppb
東石站,19,葵烷,0,ppb
東石站,19,"1,2,3-三甲基苯",0,ppb
東石站,19,間-二乙基苯,0,ppb
東石站,19,對-二乙基苯,0,ppbv
東石站,19,正十一烷,0,ppbv
褒忠站,19,乙烷,0.58,ppb
褒忠站,19,乙烯,0.41,ppb
褒忠站,19,丙烷,0.36,ppb
褒忠站,19,丙烯,0.33,ppb
褒忠站,19,異丁烷,0.32,ppb
褒忠站,19,正丁烷,0.53,ppb
褒忠站,19,乙炔,0,ppb
褒忠站,19,反2-丁烯,0,ppb
褒忠站,19,1-丁烯,1.24,ppb
褒忠站,19,順2-丁烯,0,ppb
褒忠站,19,環戊烷,0.66,ppb
褒忠站,19,異戊烷,0.68,ppb
褒忠站,19,正戊烷,0.29,ppb
褒忠站,19,反2-戊烯,0,ppb
褒忠站,19,1-戊烯,0,ppb
褒忠站,19,順2-戊烯,0,ppb
褒忠站,19,"2,2-二甲基丁烷",0,ppb
褒忠站,19,"2,3-二甲基丁烷",0,ppb
褒忠站,19,2-甲基戊烷,0,ppb
褒忠站,19,3-甲基戊烷,0,ppb
褒忠站,19,異戊二烯,0.27,ppb
褒忠站,19,正己烷,0.04,ppb
褒忠站,19,甲基環戊烷,0.05,ppb
褒忠站,19,"2,4-二甲基戊烷",0,ppb
褒忠站,19,苯,0.64,ppb
褒忠站,19,環己烷,0.07,ppb
褒忠站,19,2-甲基己烷,0,ppb
褒忠站,19,"2,3-二甲基戊烷",0,ppb
褒忠站,19,3-甲基己烷,0,ppb
褒忠站,19,"2,2,4-三甲基戊烷",0,ppb
褒忠站,19,正庚烷,0.04,ppb
褒忠站,19,甲基環己烷,0.01,ppb
褒忠站,19,"2,3,4-三甲基戊烷",0.26,ppb
褒忠站,19,甲苯,0.92,ppb
褒忠站,19,2-甲基庚烷,0.05,ppb
褒忠站,19,3-甲基庚烷,0,ppb
褒忠站,19,正辛烷,0.09,ppb
褒忠站,19,乙苯,0,ppb
褒忠站,19,"間,對二甲苯",0.32,ppb
褒忠站,19,苯乙烯,0,ppb
褒忠站,19,鄰二甲苯,0.16,ppb
褒忠站,19,正壬烷,0.02,ppb
褒忠站,19,異丙基苯,0.03,ppb
褒忠站,19,正丙基苯,0.02,ppb
褒忠站,19,間-乙基甲苯,0.11,ppb
褒忠站,19,對-乙基甲苯,0,ppb
褒忠站,19,"1,3,5-三甲基苯",0.05,ppb
褒忠站,19,鄰-乙基甲苯,0,ppb
褒忠站,19,"1,2,4-三甲基苯",0.04,ppb
褒忠站,19,葵烷,0.02,ppb
褒忠站,19,"1,2,3-三甲基苯",0.19,ppb
褒忠站,19,間-二乙基苯,0,ppb
褒忠站,19,對-二乙基苯,0.03,ppbv
褒忠站,19,正十一烷,0.1,ppbv
崙背站,19,乙烷,0.63,ppb
崙背站,19,乙烯,0.49,ppb
崙背站,19,丙烷,2.09,ppb
崙背站,19,丙烯,0.44,ppb
崙背站,19,異丁烷,1.4,ppb
崙背站,19,正丁烷,2.23,ppb
崙背站,19,乙炔,1.42,ppb
崙背站,19,反2-丁烯,0.33,ppb
崙背站,19,1-丁烯,0.5,ppb
崙背站,19,順2-丁烯,0.21,ppb
崙背站,19,環戊烷,0.26,ppb
崙背站,19,異戊烷,1.23,ppb
崙背站,19,正戊烷,0.42,ppb
崙背站,19,反2-戊烯,0.14,ppb
崙背站,19,1-戊烯,0,ppb
崙背站,19,順2-戊烯,0,ppb
崙背站,19,"2,2-二甲基丁烷",0,ppb
崙背站,19,"2,3-二甲基丁烷",0,ppb
崙背站,19,2-甲基戊烷,0.22,ppb
崙背站,19,3-甲基戊烷,0.15,ppb
崙背站,19,異戊二烯,0,ppb
崙背站,19,正己烷,0,ppb
崙背站,19,甲基環戊烷,0,ppb
崙背站,19,"2,4-二甲基戊烷",0,ppb
崙背站,19,苯,0,ppb
崙背站,19,環己烷,0,ppb
崙背站,19,2-甲基己烷,0,ppb
崙背站,19,"2,3-二甲基戊烷",0,ppb
崙背站,19,3-甲基己烷,0,ppb
崙背站,19,"2,2,4-三甲基戊烷",0,ppb
崙背站,19,正庚烷,0.02,ppb
崙背站,19,甲基環己烷,0.01,ppb
崙背站,19,"2,3,4-三甲基戊烷",0,ppb
崙背站,19,甲苯,0.78,ppb
崙背站,19,2-甲基庚烷,0,ppb
崙背站,19,3-甲基庚烷,0,ppb
崙背站,19,正辛烷,0,ppb
崙背站,19,乙苯,0,ppb
崙背站,19,"間,對二甲苯",0,ppb
崙背站,19,苯乙烯,0,ppb
崙背站,19,鄰二甲苯,0,ppb
崙背站,19,正壬烷,0,ppb
崙背站,19,異丙基苯,0,ppb
崙背站,19,正丙基苯,0,ppb
崙背站,19,間-乙基甲苯,0,ppb
崙背站,19,對-乙基甲苯,0,ppb
崙背站,19,"1,3,5-三甲基苯",0,ppb
崙背站,19,鄰-乙基甲苯,0,ppb
崙背站,19,"1,2,4-三甲基苯",0.38,ppb
崙背站,19,葵烷,0,ppb
崙背站,19,"1,2,3-三甲基苯",0,ppb
崙背站,19,間-二乙基苯,0,ppb
崙背站,19,對-二乙基苯,0,ppbv
崙背站,19,正十一烷,0,ppbv
四湖站,19,乙烷,1.06,ppb
四湖站,19,乙烯,0.54,ppb
四湖站,19,丙烷,0.65,ppb
四湖站,19,丙烯,0.61,ppb
四湖站,19,異丁烷,0.31,ppb
四湖站,19,正丁烷,0.51,ppb
四湖站,19,乙炔,1.66,ppb
四湖站,19,反2-丁烯,0,ppb
四湖站,19,1-丁烯,1.67,ppb
四湖站,19,順2-丁烯,0,ppb
四湖站,19,環戊烷,0,ppb
四湖站,19,異戊烷,0.32,ppb
四湖站,19,正戊烷,0.24,ppb
四湖站,19,反2-戊烯,0,ppb
四湖站,19,1-戊烯,0,ppb
四湖站,19,順2-戊烯,0,ppb
四湖站,19,"2,2-二甲基丁烷",0,ppb
四湖站,19,"2,3-二甲基丁烷",0,ppb
四湖站,19,2-甲基戊烷,0,ppb
四湖站,19,3-甲基戊烷,0,ppb
四湖站,19,異戊二烯,0.22,ppb
四湖站,19,正己烷,0,ppb
四湖站,19,甲基環戊烷,0,ppb
四湖站,19,"2,4-二甲基戊烷",0,ppb
四湖站,19,苯,0,ppb
四湖站,19,環己烷,0,ppb
四湖站,19,2-甲基己烷,0,ppb
四湖站,19,"2,3-二甲基戊烷",0,ppb
四湖站,19,3-甲基己烷,0,ppb
四湖站,19,"2,2,4-三甲基戊烷",0.11,ppb
四湖站,19,正庚烷,0,ppb
四湖站,19,甲基環己烷,0,ppb
四湖站,19,"2,3,4-三甲基戊烷",0,ppb
四湖站,19,甲苯,1.4,ppb
四湖站,19,2-甲基庚烷,0,ppb
四湖站,19,3-甲基庚烷,0,ppb
四湖站,19,正辛烷,0,ppb
四湖站,19,乙苯,0,ppb
四湖站,19,"間,對二甲苯",0.8,ppb
四湖站,19,苯乙烯,0.12,ppb
四湖站,19,鄰二甲苯,0,ppb
四湖站,19,正壬烷,0,ppb
四湖站,19,異丙基苯,0,ppb
四湖站,19,正丙基苯,0,ppb
四湖站,19,間-乙基甲苯,0.22,ppb
四湖站,19,對-乙基甲苯,0,ppb
四湖站,19,"1,3,5-三甲基苯",0,ppb
四湖站,19,鄰-乙基甲苯,0,ppb
四湖站,19,"1,2,4-三甲基苯",0,ppb
四湖站,19,葵烷,0,ppb
四湖站,19,"1,2,3-三甲基苯",0,ppb
四湖站,19,間-二乙基苯,0,ppb
四湖站,19,對-二乙基苯,0,ppbv
四湖站,19,正十一烷,0,ppbv
東勢站,19,乙烷,0.51,ppb
東勢站,19,乙烯,0.61,ppb
東勢站,19,丙烷,0.63,ppb
東勢站,19,丙烯,0.3,ppb
東勢站,19,異丁烷,0.79,ppb
東勢站,19,正丁烷,1.36,ppb
東勢站,19,乙炔,1.86,ppb
東勢站,19,反2-丁烯,0.34,ppb
東勢站,19,1-丁烯,0.51,ppb
東勢站,19,順2-丁烯,0.18,ppb
東勢站,19,環戊烷,0,ppb
東勢站,19,異戊烷,1.57,ppb
東勢站,19,正戊烷,0.85,ppb
東勢站,19,反2-戊烯,0.23,ppb
東勢站,19,1-戊烯,0.13,ppb
東勢站,19,順2-戊烯,0.22,ppb
東勢站,19,"2,2-二甲基丁烷",0.17,ppb
東勢站,19,"2,3-二甲基丁烷",0,ppb
東勢站,19,2-甲基戊烷,0.33,ppb
東勢站,19,3-甲基戊烷,0.24,ppb
東勢站,19,異戊二烯,0,ppb
東勢站,19,正己烷,0,ppb
東勢站,19,甲基環戊烷,0,ppb
東勢站,19,"2,4-二甲基戊烷",0,ppb
東勢站,19,苯,0,ppb
東勢站,19,環己烷,0,ppb
東勢站,19,2-甲基己烷,0,ppb
東勢站,19,"2,3-二甲基戊烷",0,ppb
東勢站,19,3-甲基己烷,0,ppb
東勢站,19,"2,2,4-三甲基戊烷",0,ppb
東勢站,19,正庚烷,0,ppb
東勢站,19,甲基環己烷,0,ppb
東勢站,19,"2,3,4-三甲基戊烷",0,ppb
東勢站,19,甲苯,3.3,ppb
東勢站,19,2-甲基庚烷,0,ppb
東勢站,19,3-甲基庚烷,0,ppb
東勢站,19,正辛烷,0,ppb
東勢站,19,乙苯,0.4,ppb
東勢站,19,"間,對二甲苯",1.54,ppb
東勢站,19,苯乙烯,0,ppb
東勢站,19,鄰二甲苯,0.53,ppb
東勢站,19,正壬烷,0,ppb
東勢站,19,異丙基苯,0,ppb
東勢站,19,正丙基苯,0,ppb
東勢站,19,間-乙基甲苯,0.35,ppb
東勢站,19,對-乙基甲苯,0.11,ppb
東勢站,19,"1,3,5-三甲基苯",0.13,ppb
東勢站,19,鄰-乙基甲苯,0,ppb
東勢站,19,"1,2,4-三甲基苯",0.84,ppb
東勢站,19,葵烷,0,ppb
東勢站,19,"1,2,3-三甲基苯",0.33,ppb
東勢站,19,間-二乙基苯,0,ppb
東勢站,19,對-二乙基苯,0,ppbv
東勢站,19,正十一烷,0,ppbv
麥寮站,19,乙烷,0.66,ppb
麥寮站,19,乙烯,0.93,ppb
麥寮站,19,丙烷,0.48,ppb
麥寮站,19,丙烯,0,ppb
麥寮站,19,異丁烷,0.27,ppb
麥寮站,19,正丁烷,0.48,ppb
麥寮站,19,乙炔,3.54,ppb
麥寮站,19,反2-丁烯,0,ppb
麥寮站,19,1-丁烯,0.61,ppb
麥寮站,19,順2-丁烯,0,ppb
麥寮站,19,環戊烷,0,ppb
麥寮站,19,異戊烷,0.67,ppb
麥寮站,19,正戊烷,0.33,ppb
麥寮站,19,反2-戊烯,0,ppb
麥寮站,19,1-戊烯,0,ppb
麥寮站,19,順2-戊烯,0,ppb
麥寮站,19,"2,2-二甲基丁烷",0,ppb
麥寮站,19,"2,3-二甲基丁烷",0,ppb
麥寮站,19,2-甲基戊烷,0.11,ppb
麥寮站,19,3-甲基戊烷,0,ppb
麥寮站,19,異戊二烯,0,ppb
麥寮站,19,正己烷,0.18,ppb
麥寮站,19,甲基環戊烷,0.05,ppb
麥寮站,19,"2,4-二甲基戊烷",0,ppb
麥寮站,19,苯,0.39,ppb
麥寮站,19,環己烷,0,ppb
麥寮站,19,2-甲基己烷,0,ppb
麥寮站,19,"2,3-二甲基戊烷",0,ppb
麥寮站,19,3-甲基己烷,0.02,ppb
麥寮站,19,"2,2,4-三甲基戊烷",0,ppb
麥寮站,19,正庚烷,0,ppb
麥寮站,19,甲基環己烷,0,ppb
麥寮站,19,"2,3,4-三甲基戊烷",0.04,ppb
麥寮站,19,甲苯,2.4,ppb
麥寮站,19,2-甲基庚烷,0,ppb
麥寮站,19,3-甲基庚烷,0,ppb
麥寮站,19,正辛烷,0,ppb
麥寮站,19,乙苯,0.26,ppb
麥寮站,19,"間,對二甲苯",0.82,ppb
麥寮站,19,苯乙烯,0,ppb
麥寮站,19,鄰二甲苯,0.35,ppb
麥寮站,19,正壬烷,0.01,ppb
麥寮站,19,異丙基苯,0.02,ppb
麥寮站,19,正丙基苯,0,ppb
麥寮站,19,間-乙基甲苯,0.13,ppb
麥寮站,19,對-乙基甲苯,0,ppb
麥寮站,19,"1,3,5-三甲基苯",0.12,ppb
麥寮站,19,鄰-乙基甲苯,0.08,ppb
麥寮站,19,"1,2,4-三甲基苯",0.32,ppb
麥寮站,19,葵烷,0,ppb
麥寮站,19,"1,2,3-三甲基苯",0.13,ppb
麥寮站,19,間-二乙基苯,0,ppb
麥寮站,19,對-二乙基苯,0.1,ppbv
麥寮站,19,正十一烷,0,ppbv
台西站,19,乙烷,---,ppb
台西站,19,乙烯,---,ppb
台西站,19,丙烷,---,ppb
台西站,19,丙烯,---,ppb
台西站,19,異丁烷,---,ppb
台西站,19,正丁烷,---,ppb
台西站,19,乙炔,---,ppb
台西站,19,反2-丁烯,---,ppb
台西站,19,1-丁烯,---,ppb
台西站,19,順2-丁烯,---,ppb
台西站,19,環戊烷,---,ppb
台西站,19,異戊烷,---,ppb
台西站,19,正戊烷,---,ppb
台西站,19,反2-戊烯,---,ppb
台西站,19,1-戊烯,---,ppb
台西站,19,順2-戊烯,---,ppb
台西站,19,"2,2-二甲基丁烷",---,ppb
台西站,19,"2,3-二甲基丁烷",---,ppb
台西站,19,2-甲基戊烷,---,ppb
台西站,19,3-甲基戊烷,---,ppb
台西站,19,異戊二烯,---,ppb
台西站,19,正己烷,---,ppb
台西站,19,甲基環戊烷,---,ppb
台西站,19,"2,4-二甲基戊烷",---,ppb
台西站,19,苯,---,ppb
台西站,19,環己烷,---,ppb
台西站,19,2-甲基己烷,---,ppb
台西站,19,"2,3-二甲基戊烷",---,ppb
台西站,19,3-甲基己烷,---,ppb
台西站,19,"2,2,4-三甲基戊烷",---,ppb
台西站,19,正庚烷,---,ppb
台西站,19,甲基環己烷,---,ppb
台西站,19,"2,3,4-三甲基戊烷",---,ppb
台西站,19,甲苯,---,ppb
台西站,19,2-甲基庚烷,---,ppb
台西站,19,3-甲基庚烷,---,ppb
台西站,19,正辛烷,---,ppb
台西站,19,乙苯,---,ppb
台西站,19,"間,對二甲苯",---,ppb
台西站,19,苯乙烯,---,ppb
台西站,19,鄰二甲苯,---,ppb
台西站,19,正壬烷,---,ppb
台西站,19,異丙基苯,---,ppb
台西站,19,正丙基苯,---,ppb
台西站,19,間-乙基甲苯,---,ppb
台西站,19,對-乙基甲苯,---,ppb
台西站,19,"1,3,5-三甲基苯",---,ppb
台西站,19,鄰-乙基甲苯,---,ppb
台西站,19,"1,2,4-三甲基苯",---,ppb
台西站,19,葵烷,---,ppb
台西站,19,"1,2,3-三甲基苯",---,ppb
台西站,19,間-二乙基苯,---,ppb
台西站,19,對-二乙基苯,---,ppbv
台西站,19,正十一烷,---,ppbv
土庫站,19,乙烷,1.37,ppb
土庫站,19,乙烯,1.64,ppb
土庫站,19,丙烷,1.26,ppb
土庫站,19,丙烯,0.59,ppb
土庫站,19,異丁烷,0.72,ppb
土庫站,19,正丁烷,1.26,ppb
土庫站,19,乙炔,4.99,ppb
土庫站,19,反2-丁烯,0.31,ppb
土庫站,19,1-丁烯,0.48,ppb
土庫站,19,順2-丁烯,0,ppb
土庫站,19,環戊烷,0.28,ppb
土庫站,19,異戊烷,1.15,ppb
土庫站,19,正戊烷,0.6,ppb
土庫站,19,反2-戊烯,0.38,ppb
土庫站,19,1-戊烯,0,ppb
土庫站,19,順2-戊烯,0.34,ppb
土庫站,19,"2,2-二甲基丁烷",0.12,ppb
土庫站,19,"2,3-二甲基丁烷",0,ppb
土庫站,19,2-甲基戊烷,0.37,ppb
土庫站,19,3-甲基戊烷,0.19,ppb
土庫站,19,異戊二烯,0.13,ppb
土庫站,19,正己烷,0,ppb
土庫站,19,甲基環戊烷,0,ppb
土庫站,19,"2,4-二甲基戊烷",0,ppb
土庫站,19,苯,0,ppb
土庫站,19,環己烷,0,ppb
土庫站,19,2-甲基己烷,0,ppb
土庫站,19,"2,3-二甲基戊烷",0,ppb
土庫站,19,3-甲基己烷,0,ppb
土庫站,19,"2,2,4-三甲基戊烷",0,ppb
土庫站,19,正庚烷,0,ppb
土庫站,19,甲基環己烷,0,ppb
土庫站,19,"2,3,4-三甲基戊烷",0,ppb
土庫站,19,甲苯,2.72,ppb
土庫站,19,2-甲基庚烷,0,ppb
土庫站,19,3-甲基庚烷,0,ppb
土庫站,19,正辛烷,0,ppb
土庫站,19,乙苯,0,ppb
土庫站,19,"間,對二甲苯",1.44,ppb
土庫站,19,苯乙烯,0,ppb
土庫站,19,鄰二甲苯,0.54,ppb
土庫站,19,正壬烷,0,ppb
土庫站,19,異丙基苯,0,ppb
土庫站,19,正丙基苯,0,ppb
土庫站,19,間-乙基甲苯,0.48,ppb
土庫站,19,對-乙基甲苯,0,ppb
土庫站,19,"1,3,5-三甲基苯",0.34,ppb
土庫站,19,鄰-乙基甲苯,0,ppb
土庫站,19,"1,2,4-三甲基苯",1.4,ppb
土庫站,19,葵烷,0,ppb
土庫站,19,"1,2,3-三甲基苯",0.36,ppb
土庫站,19,間-二乙基苯,0,ppb
土庫站,19,對-二乙基苯,0,ppbv
土庫站,19,正十一烷,0,ppbv
西螺站,19,乙烷,0.77,ppb
西螺站,19,乙烯,1.09,ppb
西螺站,19,丙烷,0.85,ppb
西螺站,19,丙烯,0.8,ppb
西螺站,19,異丁烷,0.56,ppb
西螺站,19,正丁烷,1.19,ppb
西螺站,19,乙炔,1.48,ppb
西螺站,19,反2-丁烯,0.24,ppb
西螺站,19,1-丁烯,0.44,ppb
西螺站,19,順2-丁烯,0,ppb
西螺站,19,環戊烷,0.32,ppb
西螺站,19,異戊烷,2.22,ppb
西螺站,19,正戊烷,1,ppb
西螺站,19,反2-戊烯,0.2,ppb
西螺站,19,1-戊烯,0,ppb
西螺站,19,順2-戊烯,0,ppb
西螺站,19,"2,2-二甲基丁烷",0,ppb
西螺站,19,"2,3-二甲基丁烷",0.2,ppb
西螺站,19,2-甲基戊烷,0.47,ppb
西螺站,19,3-甲基戊烷,0.3,ppb
西螺站,19,異戊二烯,0,ppb
西螺站,19,正己烷,0.4,ppb
西螺站,19,甲基環戊烷,0,ppb
西螺站,19,"2,4-二甲基戊烷",0,ppb
西螺站,19,苯,0.62,ppb
西螺站,19,環己烷,0,ppb
西螺站,19,2-甲基己烷,0,ppb
西螺站,19,"2,3-二甲基戊烷",0,ppb
西螺站,19,3-甲基己烷,0.24,ppb
西螺站,19,"2,2,4-三甲基戊烷",0.5,ppb
西螺站,19,正庚烷,0.19,ppb
西螺站,19,甲基環己烷,0,ppb
西螺站,19,"2,3,4-三甲基戊烷",0.27,ppb
西螺站,19,甲苯,11.41,ppb
西螺站,19,2-甲基庚烷,0,ppb
西螺站,19,3-甲基庚烷,0,ppb
西螺站,19,正辛烷,0,ppb
西螺站,19,乙苯,0.3,ppb
西螺站,19,"間,對二甲苯",1.24,ppb
西螺站,19,苯乙烯,0.02,ppb
西螺站,19,鄰二甲苯,0.34,ppb
西螺站,19,正壬烷,0,ppb
西螺站,19,異丙基苯,0,ppb
西螺站,19,正丙基苯,0,ppb
西螺站,19,間-乙基甲苯,0.33,ppb
西螺站,19,對-乙基甲苯,0.01,ppb
西螺站,19,"1,3,5-三甲基苯",0.09,ppb
西螺站,19,鄰-乙基甲苯,0.1,ppb
西螺站,19,"1,2,4-三甲基苯",1,ppb
西螺站,19,葵烷,0,ppb
西螺站,19,"1,2,3-三甲基苯",0.15,ppb
西螺站,19,間-二乙基苯,0.01,ppb
西螺站,19,對-二乙基苯,0,ppbv
西螺站,19,正十一烷,0.03,ppbv
大城站,20,乙烷,0.61,ppb
大城站,20,乙烯,0,ppb
大城站,20,丙烷,0.66,ppb
大城站,20,丙烯,0,ppb
大城站,20,異丁烷,0.34,ppb
大城站,20,正丁烷,0.51,ppb
大城站,20,乙炔,2.05,ppb
大城站,20,反2-丁烯,0,ppb
大城站,20,1-丁烯,0.26,ppb
大城站,20,順2-丁烯,0,ppb
大城站,20,環戊烷,0,ppb
大城站,20,異戊烷,0.49,ppb
大城站,20,正戊烷,0.25,ppb
大城站,20,反2-戊烯,0,ppb
大城站,20,1-戊烯,0,ppb
大城站,20,順2-戊烯,0,ppb
大城站,20,"2,2-二甲基丁烷",0,ppb
大城站,20,"2,3-二甲基丁烷",0,ppb
大城站,20,2-甲基戊烷,0,ppb
大城站,20,3-甲基戊烷,0,ppb
大城站,20,異戊二烯,0,ppb
大城站,20,正己烷,0,ppb
大城站,20,甲基環戊烷,0,ppb
大城站,20,"2,4-二甲基戊烷",0,ppb
大城站,20,苯,0,ppb
大城站,20,環己烷,0,ppb
大城站,20,2-甲基己烷,0,ppb
大城站,20,"2,3-二甲基戊烷",0,ppb
大城站,20,3-甲基己烷,0,ppb
大城站,20,"2,2,4-三甲基戊烷",0,ppb
大城站,20,正庚烷,0,ppb
大城站,20,甲基環己烷,0,ppb
大城站,20,"2,3,4-三甲基戊烷",0,ppb
大城站,20,甲苯,0,ppb
大城站,20,2-甲基庚烷,0,ppb
大城站,20,3-甲基庚烷,0,ppb
大城站,20,正辛烷,0,ppb
大城站,20,乙苯,0,ppb
大城站,20,"間,對二甲苯",0,ppb
大城站,20,苯乙烯,0,ppb
大城站,20,鄰二甲苯,0,ppb
大城站,20,正壬烷,0,ppb
大城站,20,異丙基苯,0,ppb
大城站,20,正丙基苯,0,ppb
大城站,20,間-乙基甲苯,0,ppb
大城站,20,對-乙基甲苯,0,ppb
大城站,20,"1,3,5-三甲基苯",0,ppb
大城站,20,鄰-乙基甲苯,0,ppb
大城站,20,"1,2,4-三甲基苯",0,ppb
大城站,20,葵烷,0,ppb
大城站,20,"1,2,3-三甲基苯",0,ppb
大城站,20,間-二乙基苯,0,ppb
大城站,20,對-二乙基苯,0,ppbv
大城站,20,正十一烷,0,ppbv
東石站,20,乙烷,0.41,ppb
東石站,20,乙烯,0.73,ppb
東石站,20,丙烷,0.65,ppb
東石站,20,丙烯,1.2,ppb
東石站,20,異丁烷,0.56,ppb
東石站,20,正丁烷,1.12,ppb
東石站,20,乙炔,0,ppb
東石站,20,反2-丁烯,0,ppb
東石站,20,1-丁烯,0.44,ppb
東石站,20,順2-丁烯,0,ppb
東石站,20,環戊烷,0,ppb
東石站,20,異戊烷,1.35,ppb
東石站,20,正戊烷,0.4,ppb
東石站,20,反2-戊烯,0,ppb
東石站,20,1-戊烯,0,ppb
東石站,20,順2-戊烯,0,ppb
東石站,20,"2,2-二甲基丁烷",0,ppb
東石站,20,"2,3-二甲基丁烷",0,ppb
東石站,20,2-甲基戊烷,0.15,ppb
東石站,20,3-甲基戊烷,0,ppb
東石站,20,異戊二烯,0,ppb
東石站,20,正己烷,0,ppb
東石站,20,甲基環戊烷,0,ppb
東石站,20,"2,4-二甲基戊烷",0,ppb
東石站,20,苯,0,ppb
東石站,20,環己烷,0,ppb
東石站,20,2-甲基己烷,0,ppb
東石站,20,"2,3-二甲基戊烷",0,ppb
東石站,20,3-甲基己烷,0,ppb
東石站,20,"2,2,4-三甲基戊烷",0,ppb
東石站,20,正庚烷,0,ppb
東石站,20,甲基環己烷,0,ppb
東石站,20,"2,3,4-三甲基戊烷",0,ppb
東石站,20,甲苯,0.46,ppb
東石站,20,2-甲基庚烷,0,ppb
東石站,20,3-甲基庚烷,0,ppb
東石站,20,正辛烷,0,ppb
東石站,20,乙苯,0,ppb
東石站,20,"間,對二甲苯",0,ppb
東石站,20,苯乙烯,0,ppb
東石站,20,鄰二甲苯,0,ppb
東石站,20,正壬烷,0,ppb
東石站,20,異丙基苯,0,ppb
東石站,20,正丙基苯,0,ppb
東石站,20,間-乙基甲苯,0,ppb
東石站,20,對-乙基甲苯,0,ppb
東石站,20,"1,3,5-三甲基苯",0,ppb
東石站,20,鄰-乙基甲苯,0,ppb
東石站,20,"1,2,4-三甲基苯",0,ppb
東石站,20,葵烷,0,ppb
東石站,20,"1,2,3-三甲基苯",0,ppb
東石站,20,間-二乙基苯,0,ppb
東石站,20,對-二乙基苯,0,ppbv
東石站,20,正十一烷,0,ppbv
褒忠站,20,乙烷,0.69,ppb
褒忠站,20,乙烯,0.38,ppb
褒忠站,20,丙烷,0.73,ppb
褒忠站,20,丙烯,0,ppb
褒忠站,20,異丁烷,0.54,ppb
褒忠站,20,正丁烷,1.12,ppb
褒忠站,20,乙炔,1.19,ppb
褒忠站,20,反2-丁烯,0,ppb
褒忠站,20,1-丁烯,1.4,ppb
褒忠站,20,順2-丁烯,0,ppb
褒忠站,20,環戊烷,0.8,ppb
褒忠站,20,異戊烷,0.84,ppb
褒忠站,20,正戊烷,0.42,ppb
褒忠站,20,反2-戊烯,0,ppb
褒忠站,20,1-戊烯,0,ppb
褒忠站,20,順2-戊烯,0,ppb
褒忠站,20,"2,2-二甲基丁烷",0,ppb
褒忠站,20,"2,3-二甲基丁烷",0,ppb
褒忠站,20,2-甲基戊烷,0.17,ppb
褒忠站,20,3-甲基戊烷,0.21,ppb
褒忠站,20,異戊二烯,0.4,ppb
褒忠站,20,正己烷,0.07,ppb
褒忠站,20,甲基環戊烷,0.2,ppb
褒忠站,20,"2,4-二甲基戊烷",0,ppb
褒忠站,20,苯,0.62,ppb
褒忠站,20,環己烷,0,ppb
褒忠站,20,2-甲基己烷,0,ppb
褒忠站,20,"2,3-二甲基戊烷",0.12,ppb
褒忠站,20,3-甲基己烷,0.08,ppb
褒忠站,20,"2,2,4-三甲基戊烷",0.04,ppb
褒忠站,20,正庚烷,0,ppb
褒忠站,20,甲基環己烷,0.03,ppb
褒忠站,20,"2,3,4-三甲基戊烷",0,ppb
褒忠站,20,甲苯,1.23,ppb
褒忠站,20,2-甲基庚烷,0,ppb
褒忠站,20,3-甲基庚烷,0,ppb
褒忠站,20,正辛烷,0.04,ppb
褒忠站,20,乙苯,0.04,ppb
褒忠站,20,"間,對二甲苯",0.99,ppb
褒忠站,20,苯乙烯,0,ppb
褒忠站,20,鄰二甲苯,0.32,ppb
褒忠站,20,正壬烷,0.03,ppb
褒忠站,20,異丙基苯,0,ppb
褒忠站,20,正丙基苯,0.02,ppb
褒忠站,20,間-乙基甲苯,0.12,ppb
褒忠站,20,對-乙基甲苯,0,ppb
褒忠站,20,"1,3,5-三甲基苯",0,ppb
褒忠站,20,鄰-乙基甲苯,0.09,ppb
褒忠站,20,"1,2,4-三甲基苯",0.46,ppb
褒忠站,20,葵烷,0.05,ppb
褒忠站,20,"1,2,3-三甲基苯",0.38,ppb
褒忠站,20,間-二乙基苯,0.02,ppb
褒忠站,20,對-二乙基苯,0.04,ppbv
褒忠站,20,正十一烷,0,ppbv
崙背站,20,乙烷,0.65,ppb
崙背站,20,乙烯,0.15,ppb
崙背站,20,丙烷,3,ppb
崙背站,20,丙烯,0.35,ppb
崙背站,20,異丁烷,2.44,ppb
崙背站,20,正丁烷,5.09,ppb
崙背站,20,乙炔,1.74,ppb
崙背站,20,反2-丁烯,0.39,ppb
崙背站,20,1-丁烯,0.56,ppb
崙背站,20,順2-丁烯,0.21,ppb
崙背站,20,環戊烷,0.35,ppb
崙背站,20,異戊烷,1.65,ppb
崙背站,20,正戊烷,0.74,ppb
崙背站,20,反2-戊烯,0.19,ppb
崙背站,20,1-戊烯,0,ppb
崙背站,20,順2-戊烯,0,ppb
崙背站,20,"2,2-二甲基丁烷",0,ppb
崙背站,20,"2,3-二甲基丁烷",0.13,ppb
崙背站,20,2-甲基戊烷,0.32,ppb
崙背站,20,3-甲基戊烷,0.26,ppb
崙背站,20,異戊二烯,0,ppb
崙背站,20,正己烷,0,ppb
崙背站,20,甲基環戊烷,0,ppb
崙背站,20,"2,4-二甲基戊烷",0,ppb
崙背站,20,苯,0,ppb
崙背站,20,環己烷,0,ppb
崙背站,20,2-甲基己烷,0,ppb
崙背站,20,"2,3-二甲基戊烷",0,ppb
崙背站,20,3-甲基己烷,0,ppb
崙背站,20,"2,2,4-三甲基戊烷",0,ppb
崙背站,20,正庚烷,0,ppb
崙背站,20,甲基環己烷,0,ppb
崙背站,20,"2,3,4-三甲基戊烷",0,ppb
崙背站,20,甲苯,0.9,ppb
崙背站,20,2-甲基庚烷,0,ppb
崙背站,20,3-甲基庚烷,0,ppb
崙背站,20,正辛烷,0,ppb
崙背站,20,乙苯,0,ppb
崙背站,20,"間,對二甲苯",0,ppb
崙背站,20,苯乙烯,0,ppb
崙背站,20,鄰二甲苯,0.26,ppb
崙背站,20,正壬烷,0,ppb
崙背站,20,異丙基苯,0,ppb
崙背站,20,正丙基苯,0,ppb
崙背站,20,間-乙基甲苯,0,ppb
崙背站,20,對-乙基甲苯,0,ppb
崙背站,20,"1,3,5-三甲基苯",0,ppb
崙背站,20,鄰-乙基甲苯,0,ppb
崙背站,20,"1,2,4-三甲基苯",0.4,ppb
崙背站,20,葵烷,0,ppb
崙背站,20,"1,2,3-三甲基苯",0,ppb
崙背站,20,間-二乙基苯,0,ppb
崙背站,20,對-二乙基苯,0,ppbv
崙背站,20,正十一烷,0,ppbv
四湖站,20,乙烷,0.81,ppb
四湖站,20,乙烯,0.25,ppb
四湖站,20,丙烷,1.08,ppb
四湖站,20,丙烯,0.38,ppb
四湖站,20,異丁烷,0.48,ppb
四湖站,20,正丁烷,0.8,ppb
四湖站,20,乙炔,1.72,ppb
四湖站,20,反2-丁烯,0,ppb
四湖站,20,1-丁烯,1.54,ppb
四湖站,20,順2-丁烯,0,ppb
四湖站,20,環戊烷,0.16,ppb
四湖站,20,異戊烷,0.77,ppb
四湖站,20,正戊烷,0.33,ppb
四湖站,20,反2-戊烯,0,ppb
四湖站,20,1-戊烯,0,ppb
四湖站,20,順2-戊烯,0,ppb
四湖站,20,"2,2-二甲基丁烷",0.14,ppb
四湖站,20,"2,3-二甲基丁烷",0,ppb
四湖站,20,2-甲基戊烷,0.16,ppb
四湖站,20,3-甲基戊烷,0,ppb
四湖站,20,異戊二烯,0.31,ppb
四湖站,20,正己烷,0,ppb
四湖站,20,甲基環戊烷,0,ppb
四湖站,20,"2,4-二甲基戊烷",0,ppb
四湖站,20,苯,0,ppb
四湖站,20,環己烷,0,ppb
四湖站,20,2-甲基己烷,0,ppb
四湖站,20,"2,3-二甲基戊烷",0,ppb
四湖站,20,3-甲基己烷,0,ppb
四湖站,20,"2,2,4-三甲基戊烷",0,ppb
四湖站,20,正庚烷,0,ppb
四湖站,20,甲基環己烷,0,ppb
四湖站,20,"2,3,4-三甲基戊烷",0,ppb
四湖站,20,甲苯,1.25,ppb
四湖站,20,2-甲基庚烷,0,ppb
四湖站,20,3-甲基庚烷,0,ppb
四湖站,20,正辛烷,0,ppb
四湖站,20,乙苯,0,ppb
四湖站,20,"間,對二甲苯",0.61,ppb
四湖站,20,苯乙烯,0,ppb
四湖站,20,鄰二甲苯,0,ppb
四湖站,20,正壬烷,0,ppb
四湖站,20,異丙基苯,0,ppb
四湖站,20,正丙基苯,0,ppb
四湖站,20,間-乙基甲苯,0,ppb
四湖站,20,對-乙基甲苯,0,ppb
四湖站,20,"1,3,5-三甲基苯",0,ppb
四湖站,20,鄰-乙基甲苯,0,ppb
四湖站,20,"1,2,4-三甲基苯",0,ppb
四湖站,20,葵烷,0,ppb
四湖站,20,"1,2,3-三甲基苯",0,ppb
四湖站,20,間-二乙基苯,0,ppb
四湖站,20,對-二乙基苯,0,ppbv
四湖站,20,正十一烷,0,ppbv
東勢站,20,乙烷,0.45,ppb
東勢站,20,乙烯,0.54,ppb
東勢站,20,丙烷,0.89,ppb
東勢站,20,丙烯,0,ppb
東勢站,20,異丁烷,0.91,ppb
東勢站,20,正丁烷,1.84,ppb
東勢站,20,乙炔,3.47,ppb
東勢站,20,反2-丁烯,0.23,ppb
東勢站,20,1-丁烯,0.43,ppb
東勢站,20,順2-丁烯,0,ppb
東勢站,20,環戊烷,0,ppb
東勢站,20,異戊烷,1.33,ppb
東勢站,20,正戊烷,0.63,ppb
東勢站,20,反2-戊烯,0.33,ppb
東勢站,20,1-戊烯,0.27,ppb
東勢站,20,順2-戊烯,0,ppb
東勢站,20,"2,2-二甲基丁烷",0,ppb
東勢站,20,"2,3-二甲基丁烷",0,ppb
東勢站,20,2-甲基戊烷,0.22,ppb
東勢站,20,3-甲基戊烷,0.14,ppb
東勢站,20,異戊二烯,0.35,ppb
東勢站,20,正己烷,0,ppb
東勢站,20,甲基環戊烷,0,ppb
東勢站,20,"2,4-二甲基戊烷",0,ppb
東勢站,20,苯,0.39,ppb
東勢站,20,環己烷,0,ppb
東勢站,20,2-甲基己烷,0,ppb
東勢站,20,"2,3-二甲基戊烷",0,ppb
東勢站,20,3-甲基己烷,0,ppb
東勢站,20,"2,2,4-三甲基戊烷",0,ppb
東勢站,20,正庚烷,0,ppb
東勢站,20,甲基環己烷,0,ppb
東勢站,20,"2,3,4-三甲基戊烷",0,ppb
東勢站,20,甲苯,5.23,ppb
東勢站,20,2-甲基庚烷,0,ppb
東勢站,20,3-甲基庚烷,0,ppb
東勢站,20,正辛烷,0,ppb
東勢站,20,乙苯,0.61,ppb
東勢站,20,"間,對二甲苯",2.47,ppb
東勢站,20,苯乙烯,0,ppb
東勢站,20,鄰二甲苯,0.91,ppb
東勢站,20,正壬烷,0,ppb
東勢站,20,異丙基苯,0,ppb
東勢站,20,正丙基苯,0,ppb
東勢站,20,間-乙基甲苯,0.25,ppb
東勢站,20,對-乙基甲苯,0,ppb
東勢站,20,"1,3,5-三甲基苯",0,ppb
東勢站,20,鄰-乙基甲苯,0,ppb
東勢站,20,"1,2,4-三甲基苯",0.52,ppb
東勢站,20,葵烷,0,ppb
東勢站,20,"1,2,3-三甲基苯",0,ppb
東勢站,20,間-二乙基苯,0,ppb
東勢站,20,對-二乙基苯,0,ppbv
東勢站,20,正十一烷,0,ppbv
麥寮站,20,乙烷,0.57,ppb
麥寮站,20,乙烯,1.46,ppb
麥寮站,20,丙烷,0.89,ppb
麥寮站,20,丙烯,0,ppb
麥寮站,20,異丁烷,0.19,ppb
麥寮站,20,正丁烷,0.59,ppb
麥寮站,20,乙炔,2.79,ppb
麥寮站,20,反2-丁烯,0,ppb
麥寮站,20,1-丁烯,0.56,ppb
麥寮站,20,順2-丁烯,0,ppb
麥寮站,20,環戊烷,0,ppb
麥寮站,20,異戊烷,0.35,ppb
麥寮站,20,正戊烷,0.2,ppb
麥寮站,20,反2-戊烯,0,ppb
麥寮站,20,1-戊烯,0,ppb
麥寮站,20,順2-戊烯,0,ppb
麥寮站,20,"2,2-二甲基丁烷",0,ppb
麥寮站,20,"2,3-二甲基丁烷",0,ppb
麥寮站,20,2-甲基戊烷,0,ppb
麥寮站,20,3-甲基戊烷,0,ppb
麥寮站,20,異戊二烯,0,ppb
麥寮站,20,正己烷,0,ppb
麥寮站,20,甲基環戊烷,0,ppb
麥寮站,20,"2,4-二甲基戊烷",0,ppb
麥寮站,20,苯,0.62,ppb
麥寮站,20,環己烷,0,ppb
麥寮站,20,2-甲基己烷,0,ppb
麥寮站,20,"2,3-二甲基戊烷",0,ppb
麥寮站,20,3-甲基己烷,0,ppb
麥寮站,20,"2,2,4-三甲基戊烷",0,ppb
麥寮站,20,正庚烷,0,ppb
麥寮站,20,甲基環己烷,0,ppb
麥寮站,20,"2,3,4-三甲基戊烷",0,ppb
麥寮站,20,甲苯,1.17,ppb
麥寮站,20,2-甲基庚烷,0,ppb
麥寮站,20,3-甲基庚烷,0,ppb
麥寮站,20,正辛烷,0,ppb
麥寮站,20,乙苯,0.17,ppb
麥寮站,20,"間,對二甲苯",0.6,ppb
麥寮站,20,苯乙烯,0,ppb
麥寮站,20,鄰二甲苯,0.41,ppb
麥寮站,20,正壬烷,0,ppb
麥寮站,20,異丙基苯,0.01,ppb
麥寮站,20,正丙基苯,0,ppb
麥寮站,20,間-乙基甲苯,0.05,ppb
麥寮站,20,對-乙基甲苯,0,ppb
麥寮站,20,"1,3,5-三甲基苯",0,ppb
麥寮站,20,鄰-乙基甲苯,0,ppb
麥寮站,20,"1,2,4-三甲基苯",0.26,ppb
麥寮站,20,葵烷,0,ppb
麥寮站,20,"1,2,3-三甲基苯",0,ppb
麥寮站,20,間-二乙基苯,0,ppb
麥寮站,20,對-二乙基苯,0,ppbv
麥寮站,20,正十一烷,0,ppbv
台西站,20,乙烷,1,ppb
台西站,20,乙烯,5.18,ppb
台西站,20,丙烷,1.07,ppb
台西站,20,丙烯,0,ppb
台西站,20,異丁烷,0,ppb
台西站,20,正丁烷,0,ppb
台西站,20,乙炔,0,ppb
台西站,20,反2-丁烯,0,ppb
台西站,20,1-丁烯,0.38,ppb
台西站,20,順2-丁烯,0.67,ppb
台西站,20,環戊烷,0,ppb
台西站,20,異戊烷,0.14,ppb
台西站,20,正戊烷,0,ppb
台西站,20,反2-戊烯,0.2,ppb
台西站,20,1-戊烯,0.64,ppb
台西站,20,順2-戊烯,0.42,ppb
台西站,20,"2,2-二甲基丁烷",0,ppb
台西站,20,"2,3-二甲基丁烷",0,ppb
台西站,20,2-甲基戊烷,0,ppb
台西站,20,3-甲基戊烷,0,ppb
台西站,20,異戊二烯,0,ppb
台西站,20,正己烷,1.32,ppb
台西站,20,甲基環戊烷,0,ppb
台西站,20,"2,4-二甲基戊烷",0,ppb
台西站,20,苯,0.02,ppb
台西站,20,環己烷,0,ppb
台西站,20,2-甲基己烷,0,ppb
台西站,20,"2,3-二甲基戊烷",0,ppb
台西站,20,3-甲基己烷,0,ppb
台西站,20,"2,2,4-三甲基戊烷",0,ppb
台西站,20,正庚烷,0,ppb
台西站,20,甲基環己烷,0,ppb
台西站,20,"2,3,4-三甲基戊烷",0,ppb
台西站,20,甲苯,0.08,ppb
台西站,20,2-甲基庚烷,0,ppb
台西站,20,3-甲基庚烷,0,ppb
台西站,20,正辛烷,0,ppb
台西站,20,乙苯,0,ppb
台西站,20,"間,對二甲苯",1.18,ppb
台西站,20,苯乙烯,0,ppb
台西站,20,鄰二甲苯,0,ppb
台西站,20,正壬烷,0,ppb
台西站,20,異丙基苯,0,ppb
台西站,20,正丙基苯,0,ppb
台西站,20,間-乙基甲苯,0,ppb
台西站,20,對-乙基甲苯,0,ppb
台西站,20,"1,3,5-三甲基苯",0,ppb
台西站,20,鄰-乙基甲苯,0,ppb
台西站,20,"1,2,4-三甲基苯",0,ppb
台西站,20,葵烷,0,ppb
台西站,20,"1,2,3-三甲基苯",0.18,ppb
台西站,20,間-二乙基苯,0,ppb
台西站,20,對-二乙基苯,0,ppbv
台西站,20,正十一烷,0.31,ppbv
土庫站,20,乙烷,1.18,ppb
土庫站,20,乙烯,0.7,ppb
土庫站,20,丙烷,1.13,ppb
土庫站,20,丙烯,0.06,ppb
土庫站,20,異丁烷,0.93,ppb
土庫站,20,正丁烷,1.49,ppb
土庫站,20,乙炔,3.92,ppb
土庫站,20,反2-丁烯,0.25,ppb
土庫站,20,1-丁烯,0.41,ppb
土庫站,20,順2-丁烯,0.34,ppb
土庫站,20,環戊烷,0,ppb
土庫站,20,異戊烷,0.94,ppb
土庫站,20,正戊烷,0.53,ppb
土庫站,20,反2-戊烯,0.07,ppb
土庫站,20,1-戊烯,0,ppb
土庫站,20,順2-戊烯,0.1,ppb
土庫站,20,"2,2-二甲基丁烷",0,ppb
土庫站,20,"2,3-二甲基丁烷",0,ppb
土庫站,20,2-甲基戊烷,0.31,ppb
土庫站,20,3-甲基戊烷,0.18,ppb
土庫站,20,異戊二烯,0.44,ppb
土庫站,20,正己烷,0,ppb
土庫站,20,甲基環戊烷,0,ppb
土庫站,20,"2,4-二甲基戊烷",0,ppb
土庫站,20,苯,0,ppb
土庫站,20,環己烷,0,ppb
土庫站,20,2-甲基己烷,0,ppb
土庫站,20,"2,3-二甲基戊烷",0,ppb
土庫站,20,3-甲基己烷,0,ppb
土庫站,20,"2,2,4-三甲基戊烷",0,ppb
土庫站,20,正庚烷,0,ppb
土庫站,20,甲基環己烷,0,ppb
土庫站,20,"2,3,4-三甲基戊烷",0,ppb
土庫站,20,甲苯,1.12,ppb
土庫站,20,2-甲基庚烷,0,ppb
土庫站,20,3-甲基庚烷,0,ppb
土庫站,20,正辛烷,0,ppb
土庫站,20,乙苯,0,ppb
土庫站,20,"間,對二甲苯",0.83,ppb
土庫站,20,苯乙烯,0,ppb
土庫站,20,鄰二甲苯,0,ppb
土庫站,20,正壬烷,0,ppb
土庫站,20,異丙基苯,0,ppb
土庫站,20,正丙基苯,0,ppb
土庫站,20,間-乙基甲苯,0.32,ppb
土庫站,20,對-乙基甲苯,0,ppb
土庫站,20,"1,3,5-三甲基苯",0.18,ppb
土庫站,20,鄰-乙基甲苯,0,ppb
土庫站,20,"1,2,4-三甲基苯",0.81,ppb
土庫站,20,葵烷,0,ppb
土庫站,20,"1,2,3-三甲基苯",0,ppb
土庫站,20,間-二乙基苯,0,ppb
土庫站,20,對-二乙基苯,0,ppbv
土庫站,20,正十一烷,0,ppbv
西螺站,20,乙烷,1.12,ppb
西螺站,20,乙烯,2.04,ppb
西螺站,20,丙烷,1.11,ppb
西螺站,20,丙烯,1.43,ppb
西螺站,20,異丁烷,0.59,ppb
西螺站,20,正丁烷,1.13,ppb
西螺站,20,乙炔,1.59,ppb
西螺站,20,反2-丁烯,0.26,ppb
西螺站,20,1-丁烯,0.54,ppb
西螺站,20,順2-丁烯,0.11,ppb
西螺站,20,環戊烷,0.22,ppb
西螺站,20,異戊烷,1.55,ppb
西螺站,20,正戊烷,0.75,ppb
西螺站,20,反2-戊烯,0,ppb
西螺站,20,1-戊烯,0,ppb
西螺站,20,順2-戊烯,0,ppb
西螺站,20,"2,2-二甲基丁烷",0,ppb
西螺站,20,"2,3-二甲基丁烷",0,ppb
西螺站,20,2-甲基戊烷,0.39,ppb
西螺站,20,3-甲基戊烷,0.27,ppb
西螺站,20,異戊二烯,0.22,ppb
西螺站,20,正己烷,0.32,ppb
西螺站,20,甲基環戊烷,0,ppb
西螺站,20,"2,4-二甲基戊烷",0,ppb
西螺站,20,苯,0.69,ppb
西螺站,20,環己烷,0.02,ppb
西螺站,20,2-甲基己烷,0,ppb
西螺站,20,"2,3-二甲基戊烷",0,ppb
西螺站,20,3-甲基己烷,0.13,ppb
西螺站,20,"2,2,4-三甲基戊烷",0.5,ppb
西螺站,20,正庚烷,0,ppb
西螺站,20,甲基環己烷,0.04,ppb
西螺站,20,"2,3,4-三甲基戊烷",0.21,ppb
西螺站,20,甲苯,8.75,ppb
西螺站,20,2-甲基庚烷,0,ppb
西螺站,20,3-甲基庚烷,0,ppb
西螺站,20,正辛烷,0.04,ppb
西螺站,20,乙苯,0.44,ppb
西螺站,20,"間,對二甲苯",0.92,ppb
西螺站,20,苯乙烯,0.07,ppb
西螺站,20,鄰二甲苯,0.24,ppb
西螺站,20,正壬烷,0.03,ppb
西螺站,20,異丙基苯,0.01,ppb
西螺站,20,正丙基苯,0.02,ppb
西螺站,20,間-乙基甲苯,0.37,ppb
西螺站,20,對-乙基甲苯,0.05,ppb
西螺站,20,"1,3,5-三甲基苯",0.23,ppb
西螺站,20,鄰-乙基甲苯,0.03,ppb
西螺站,20,"1,2,4-三甲基苯",0.98,ppb
西螺站,20,葵烷,0,ppb
西螺站,20,"1,2,3-三甲基苯",0.37,ppb
西螺站,20,間-二乙基苯,0.02,ppb
西螺站,20,對-二乙基苯,0.03,ppbv
西螺站,20,正十一烷,0.07,ppbv
大城站,21,乙烷,0.45,ppb
大城站,21,乙烯,0,ppb
大城站,21,丙烷,0,ppb
大城站,21,丙烯,0,ppb
大城站,21,異丁烷,0,ppb
大城站,21,正丁烷,0.22,ppb
大城站,21,乙炔,1.32,ppb
大城站,21,反2-丁烯,0,ppb
大城站,21,1-丁烯,0.21,ppb
大城站,21,順2-丁烯,0,ppb
大城站,21,環戊烷,0,ppb
大城站,21,異戊烷,0.28,ppb
大城站,21,正戊烷,0.17,ppb
大城站,21,反2-戊烯,0,ppb
大城站,21,1-戊烯,0,ppb
大城站,21,順2-戊烯,0,ppb
大城站,21,"2,2-二甲基丁烷",0,ppb
大城站,21,"2,3-二甲基丁烷",0,ppb
大城站,21,2-甲基戊烷,0,ppb
大城站,21,3-甲基戊烷,0,ppb
大城站,21,異戊二烯,0,ppb
大城站,21,正己烷,0,ppb
大城站,21,甲基環戊烷,0,ppb
大城站,21,"2,4-二甲基戊烷",0,ppb
大城站,21,苯,0,ppb
大城站,21,環己烷,0,ppb
大城站,21,2-甲基己烷,0,ppb
大城站,21,"2,3-二甲基戊烷",0,ppb
大城站,21,3-甲基己烷,0,ppb
大城站,21,"2,2,4-三甲基戊烷",0,ppb
大城站,21,正庚烷,0,ppb
大城站,21,甲基環己烷,0,ppb
大城站,21,"2,3,4-三甲基戊烷",0,ppb
大城站,21,甲苯,0,ppb
大城站,21,2-甲基庚烷,0,ppb
大城站,21,3-甲基庚烷,0,ppb
大城站,21,正辛烷,0,ppb
大城站,21,乙苯,0,ppb
大城站,21,"間,對二甲苯",0.19,ppb
大城站,21,苯乙烯,0,ppb
大城站,21,鄰二甲苯,0,ppb
大城站,21,正壬烷,0,ppb
大城站,21,異丙基苯,0,ppb
大城站,21,正丙基苯,0,ppb
大城站,21,間-乙基甲苯,0,ppb
大城站,21,對-乙基甲苯,0,ppb
大城站,21,"1,3,5-三甲基苯",0,ppb
大城站,21,鄰-乙基甲苯,0,ppb
大城站,21,"1,2,4-三甲基苯",0,ppb
大城站,21,葵烷,0,ppb
大城站,21,"1,2,3-三甲基苯",0,ppb
大城站,21,間-二乙基苯,0,ppb
大城站,21,對-二乙基苯,0,ppbv
大城站,21,正十一烷,0,ppbv
東石站,21,乙烷,0.51,ppb
東石站,21,乙烯,0.91,ppb
東石站,21,丙烷,0.88,ppb
東石站,21,丙烯,1.15,ppb
東石站,21,異丁烷,0.72,ppb
東石站,21,正丁烷,1.27,ppb
東石站,21,乙炔,1.08,ppb
東石站,21,反2-丁烯,0,ppb
東石站,21,1-丁烯,0.52,ppb
東石站,21,順2-丁烯,0,ppb
東石站,21,環戊烷,0,ppb
東石站,21,異戊烷,1.26,ppb
東石站,21,正戊烷,0.26,ppb
東石站,21,反2-戊烯,0,ppb
東石站,21,1-戊烯,0,ppb
東石站,21,順2-戊烯,0,ppb
東石站,21,"2,2-二甲基丁烷",0,ppb
東石站,21,"2,3-二甲基丁烷",0,ppb
東石站,21,2-甲基戊烷,0.13,ppb
東石站,21,3-甲基戊烷,0,ppb
東石站,21,異戊二烯,0,ppb
東石站,21,正己烷,0,ppb
東石站,21,甲基環戊烷,0,ppb
東石站,21,"2,4-二甲基戊烷",0,ppb
東石站,21,苯,0,ppb
東石站,21,環己烷,0,ppb
東石站,21,2-甲基己烷,0,ppb
東石站,21,"2,3-二甲基戊烷",0,ppb
東石站,21,3-甲基己烷,0,ppb
東石站,21,"2,2,4-三甲基戊烷",0,ppb
東石站,21,正庚烷,0,ppb
東石站,21,甲基環己烷,0,ppb
東石站,21,"2,3,4-三甲基戊烷",0,ppb
東石站,21,甲苯,0.87,ppb
東石站,21,2-甲基庚烷,0,ppb
東石站,21,3-甲基庚烷,0,ppb
東石站,21,正辛烷,0,ppb
東石站,21,乙苯,0,ppb
東石站,21,"間,對二甲苯",0,ppb
東石站,21,苯乙烯,0,ppb
東石站,21,鄰二甲苯,0,ppb
東石站,21,正壬烷,0,ppb
東石站,21,異丙基苯,0,ppb
東石站,21,正丙基苯,0,ppb
東石站,21,間-乙基甲苯,0,ppb
東石站,21,對-乙基甲苯,0,ppb
東石站,21,"1,3,5-三甲基苯",0,ppb
東石站,21,鄰-乙基甲苯,0,ppb
東石站,21,"1,2,4-三甲基苯",0,ppb
東石站,21,葵烷,0,ppb
東石站,21,"1,2,3-三甲基苯",0,ppb
東石站,21,間-二乙基苯,0,ppb
東石站,21,對-二乙基苯,0,ppbv
東石站,21,正十一烷,0,ppbv
褒忠站,21,乙烷,0.9,ppb
褒忠站,21,乙烯,0.57,ppb
褒忠站,21,丙烷,0.81,ppb
褒忠站,21,丙烯,0.44,ppb
褒忠站,21,異丁烷,0.6,ppb
褒忠站,21,正丁烷,0.92,ppb
褒忠站,21,乙炔,1.59,ppb
褒忠站,21,反2-丁烯,0,ppb
褒忠站,21,1-丁烯,1.37,ppb
褒忠站,21,順2-丁烯,0,ppb
褒忠站,21,環戊烷,0.62,ppb
褒忠站,21,異戊烷,1.08,ppb
褒忠站,21,正戊烷,0.52,ppb
褒忠站,21,反2-戊烯,0,ppb
褒忠站,21,1-戊烯,0,ppb
褒忠站,21,順2-戊烯,0,ppb
褒忠站,21,"2,2-二甲基丁烷",0,ppb
褒忠站,21,"2,3-二甲基丁烷",0,ppb
褒忠站,21,2-甲基戊烷,0.2,ppb
褒忠站,21,3-甲基戊烷,0.14,ppb
褒忠站,21,異戊二烯,0.45,ppb
褒忠站,21,正己烷,0.19,ppb
褒忠站,21,甲基環戊烷,0.07,ppb
褒忠站,21,"2,4-二甲基戊烷",0,ppb
褒忠站,21,苯,1.18,ppb
褒忠站,21,環己烷,0.06,ppb
褒忠站,21,2-甲基己烷,0,ppb
褒忠站,21,"2,3-二甲基戊烷",0,ppb
褒忠站,21,3-甲基己烷,0.04,ppb
褒忠站,21,"2,2,4-三甲基戊烷",0.15,ppb
褒忠站,21,正庚烷,0.1,ppb
褒忠站,21,甲基環己烷,0,ppb
褒忠站,21,"2,3,4-三甲基戊烷",0,ppb
褒忠站,21,甲苯,2.01,ppb
褒忠站,21,2-甲基庚烷,0,ppb
褒忠站,21,3-甲基庚烷,0,ppb
褒忠站,21,正辛烷,0.02,ppb
褒忠站,21,乙苯,0.1,ppb
褒忠站,21,"間,對二甲苯",1.47,ppb
褒忠站,21,苯乙烯,0.02,ppb
褒忠站,21,鄰二甲苯,0.4,ppb
褒忠站,21,正壬烷,0.02,ppb
褒忠站,21,異丙基苯,0,ppb
褒忠站,21,正丙基苯,0,ppb
褒忠站,21,間-乙基甲苯,0.59,ppb
褒忠站,21,對-乙基甲苯,0.03,ppb
褒忠站,21,"1,3,5-三甲基苯",0.29,ppb
褒忠站,21,鄰-乙基甲苯,0.29,ppb
褒忠站,21,"1,2,4-三甲基苯",1.29,ppb
褒忠站,21,葵烷,0,ppb
褒忠站,21,"1,2,3-三甲基苯",0.53,ppb
褒忠站,21,間-二乙基苯,0,ppb
褒忠站,21,對-二乙基苯,0,ppbv
褒忠站,21,正十一烷,0.04,ppbv
崙背站,21,乙烷,0.75,ppb
崙背站,21,乙烯,0.23,ppb
崙背站,21,丙烷,2.4,ppb
崙背站,21,丙烯,0.3,ppb
崙背站,21,異丁烷,1.66,ppb
崙背站,21,正丁烷,3.25,ppb
崙背站,21,乙炔,1.34,ppb
崙背站,21,反2-丁烯,0.36,ppb
崙背站,21,1-丁烯,0.49,ppb
崙背站,21,順2-丁烯,0.25,ppb
崙背站,21,環戊烷,0,ppb
崙背站,21,異戊烷,1.54,ppb
崙背站,21,正戊烷,0.66,ppb
崙背站,21,反2-戊烯,0.2,ppb
崙背站,21,1-戊烯,0,ppb
崙背站,21,順2-戊烯,0,ppb
崙背站,21,"2,2-二甲基丁烷",0,ppb
崙背站,21,"2,3-二甲基丁烷",0,ppb
崙背站,21,2-甲基戊烷,0.26,ppb
崙背站,21,3-甲基戊烷,0.2,ppb
崙背站,21,異戊二烯,0,ppb
崙背站,21,正己烷,0,ppb
崙背站,21,甲基環戊烷,0,ppb
崙背站,21,"2,4-二甲基戊烷",0,ppb
崙背站,21,苯,0,ppb
崙背站,21,環己烷,0,ppb
崙背站,21,2-甲基己烷,0,ppb
崙背站,21,"2,3-二甲基戊烷",0,ppb
崙背站,21,3-甲基己烷,0,ppb
崙背站,21,"2,2,4-三甲基戊烷",0,ppb
崙背站,21,正庚烷,0,ppb
崙背站,21,甲基環己烷,0,ppb
崙背站,21,"2,3,4-三甲基戊烷",0,ppb
崙背站,21,甲苯,0.97,ppb
崙背站,21,2-甲基庚烷,0,ppb
崙背站,21,3-甲基庚烷,0,ppb
崙背站,21,正辛烷,0,ppb
崙背站,21,乙苯,0,ppb
崙背站,21,"間,對二甲苯",0,ppb
崙背站,21,苯乙烯,0,ppb
崙背站,21,鄰二甲苯,0,ppb
崙背站,21,正壬烷,0,ppb
崙背站,21,異丙基苯,0,ppb
崙背站,21,正丙基苯,0,ppb
崙背站,21,間-乙基甲苯,0,ppb
崙背站,21,對-乙基甲苯,0,ppb
崙背站,21,"1,3,5-三甲基苯",0,ppb
崙背站,21,鄰-乙基甲苯,0,ppb
崙背站,21,"1,2,4-三甲基苯",0.37,ppb
崙背站,21,葵烷,0,ppb
崙背站,21,"1,2,3-三甲基苯",0,ppb
崙背站,21,間-二乙基苯,0,ppb
崙背站,21,對-二乙基苯,0,ppbv
崙背站,21,正十一烷,0,ppbv
四湖站,21,乙烷,0.83,ppb
四湖站,21,乙烯,0,ppb
四湖站,21,丙烷,1.1,ppb
四湖站,21,丙烯,0.29,ppb
四湖站,21,異丁烷,0.55,ppb
四湖站,21,正丁烷,0.82,ppb
四湖站,21,乙炔,1.62,ppb
四湖站,21,反2-丁烯,0,ppb
四湖站,21,1-丁烯,1.63,ppb
四湖站,21,順2-丁烯,0,ppb
四湖站,21,環戊烷,0.25,ppb
四湖站,21,異戊烷,0.66,ppb
四湖站,21,正戊烷,0.34,ppb
四湖站,21,反2-戊烯,0,ppb
四湖站,21,1-戊烯,0,ppb
四湖站,21,順2-戊烯,0,ppb
四湖站,21,"2,2-二甲基丁烷",0,ppb
四湖站,21,"2,3-二甲基丁烷",0,ppb
四湖站,21,2-甲基戊烷,0.13,ppb
四湖站,21,3-甲基戊烷,0,ppb
四湖站,21,異戊二烯,0,ppb
四湖站,21,正己烷,0,ppb
四湖站,21,甲基環戊烷,0,ppb
四湖站,21,"2,4-二甲基戊烷",0,ppb
四湖站,21,苯,0.47,ppb
四湖站,21,環己烷,0,ppb
四湖站,21,2-甲基己烷,0,ppb
四湖站,21,"2,3-二甲基戊烷",0,ppb
四湖站,21,3-甲基己烷,0,ppb
四湖站,21,"2,2,4-三甲基戊烷",0,ppb
四湖站,21,正庚烷,0,ppb
四湖站,21,甲基環己烷,0,ppb
四湖站,21,"2,3,4-三甲基戊烷",0,ppb
四湖站,21,甲苯,1.2,ppb
四湖站,21,2-甲基庚烷,0,ppb
四湖站,21,3-甲基庚烷,0,ppb
四湖站,21,正辛烷,0,ppb
四湖站,21,乙苯,0,ppb
四湖站,21,"間,對二甲苯",0.52,ppb
四湖站,21,苯乙烯,0,ppb
四湖站,21,鄰二甲苯,0,ppb
四湖站,21,正壬烷,0,ppb
四湖站,21,異丙基苯,0,ppb
四湖站,21,正丙基苯,0,ppb
四湖站,21,間-乙基甲苯,0,ppb
四湖站,21,對-乙基甲苯,0,ppb
四湖站,21,"1,3,5-三甲基苯",0,ppb
四湖站,21,鄰-乙基甲苯,0,ppb
四湖站,21,"1,2,4-三甲基苯",0,ppb
四湖站,21,葵烷,0,ppb
四湖站,21,"1,2,3-三甲基苯",0,ppb
四湖站,21,間-二乙基苯,0,ppb
四湖站,21,對-二乙基苯,0,ppbv
四湖站,21,正十一烷,0,ppbv
東勢站,21,乙烷,0.64,ppb
東勢站,21,乙烯,0.79,ppb
東勢站,21,丙烷,0.86,ppb
東勢站,21,丙烯,0,ppb
東勢站,21,異丁烷,0.86,ppb
東勢站,21,正丁烷,1.74,ppb
東勢站,21,乙炔,1.9,ppb
東勢站,21,反2-丁烯,0.35,ppb
東勢站,21,1-丁烯,0.49,ppb
東勢站,21,順2-丁烯,0.11,ppb
東勢站,21,環戊烷,0,ppb
東勢站,21,異戊烷,1.13,ppb
東勢站,21,正戊烷,0.54,ppb
東勢站,21,反2-戊烯,0,ppb
東勢站,21,1-戊烯,0,ppb
東勢站,21,順2-戊烯,0,ppb
東勢站,21,"2,2-二甲基丁烷",0.09,ppb
東勢站,21,"2,3-二甲基丁烷",0,ppb
東勢站,21,2-甲基戊烷,0.18,ppb
東勢站,21,3-甲基戊烷,0,ppb
東勢站,21,異戊二烯,0.32,ppb
東勢站,21,正己烷,0,ppb
東勢站,21,甲基環戊烷,0,ppb
東勢站,21,"2,4-二甲基戊烷",0,ppb
東勢站,21,苯,0,ppb
東勢站,21,環己烷,0,ppb
東勢站,21,2-甲基己烷,0,ppb
東勢站,21,"2,3-二甲基戊烷",0,ppb
東勢站,21,3-甲基己烷,0,ppb
東勢站,21,"2,2,4-三甲基戊烷",0,ppb
東勢站,21,正庚烷,0,ppb
東勢站,21,甲基環己烷,0,ppb
東勢站,21,"2,3,4-三甲基戊烷",0,ppb
東勢站,21,甲苯,2.81,ppb
東勢站,21,2-甲基庚烷,0,ppb
東勢站,21,3-甲基庚烷,0,ppb
東勢站,21,正辛烷,0,ppb
東勢站,21,乙苯,0.33,ppb
東勢站,21,"間,對二甲苯",1.23,ppb
東勢站,21,苯乙烯,0,ppb
東勢站,21,鄰二甲苯,0.44,ppb
東勢站,21,正壬烷,0,ppb
東勢站,21,異丙基苯,0,ppb
東勢站,21,正丙基苯,0,ppb
東勢站,21,間-乙基甲苯,0.07,ppb
東勢站,21,對-乙基甲苯,0,ppb
東勢站,21,"1,3,5-三甲基苯",0,ppb
東勢站,21,鄰-乙基甲苯,0,ppb
東勢站,21,"1,2,4-三甲基苯",0.35,ppb
東勢站,21,葵烷,0,ppb
東勢站,21,"1,2,3-三甲基苯",0.03,ppb
東勢站,21,間-二乙基苯,0,ppb
東勢站,21,對-二乙基苯,0,ppbv
東勢站,21,正十一烷,0,ppbv
麥寮站,21,乙烷,0.57,ppb
麥寮站,21,乙烯,1.87,ppb
麥寮站,21,丙烷,0.8,ppb
麥寮站,21,丙烯,0.39,ppb
麥寮站,21,異丁烷,0.37,ppb
麥寮站,21,正丁烷,0.94,ppb
麥寮站,21,乙炔,2.97,ppb
麥寮站,21,反2-丁烯,0,ppb
麥寮站,21,1-丁烯,0.56,ppb
麥寮站,21,順2-丁烯,0,ppb
麥寮站,21,環戊烷,0.28,ppb
麥寮站,21,異戊烷,0.46,ppb
麥寮站,21,正戊烷,0.23,ppb
麥寮站,21,反2-戊烯,0,ppb
麥寮站,21,1-戊烯,0,ppb
麥寮站,21,順2-戊烯,0,ppb
麥寮站,21,"2,2-二甲基丁烷",0,ppb
麥寮站,21,"2,3-二甲基丁烷",0,ppb
麥寮站,21,2-甲基戊烷,0.08,ppb
麥寮站,21,3-甲基戊烷,0,ppb
麥寮站,21,異戊二烯,0,ppb
麥寮站,21,正己烷,0,ppb
麥寮站,21,甲基環戊烷,0,ppb
麥寮站,21,"2,4-二甲基戊烷",0,ppb
麥寮站,21,苯,0.39,ppb
麥寮站,21,環己烷,0,ppb
麥寮站,21,2-甲基己烷,0,ppb
麥寮站,21,"2,3-二甲基戊烷",0,ppb
麥寮站,21,3-甲基己烷,0.04,ppb
麥寮站,21,"2,2,4-三甲基戊烷",0,ppb
麥寮站,21,正庚烷,0,ppb
麥寮站,21,甲基環己烷,0,ppb
麥寮站,21,"2,3,4-三甲基戊烷",0,ppb
麥寮站,21,甲苯,2.39,ppb
麥寮站,21,2-甲基庚烷,0,ppb
麥寮站,21,3-甲基庚烷,0,ppb
麥寮站,21,正辛烷,0,ppb
麥寮站,21,乙苯,0.35,ppb
麥寮站,21,"間,對二甲苯",1.41,ppb
麥寮站,21,苯乙烯,0,ppb
麥寮站,21,鄰二甲苯,0.79,ppb
麥寮站,21,正壬烷,0,ppb
麥寮站,21,異丙基苯,0,ppb
麥寮站,21,正丙基苯,0,ppb
麥寮站,21,間-乙基甲苯,0.12,ppb
麥寮站,21,對-乙基甲苯,0,ppb
麥寮站,21,"1,3,5-三甲基苯",0.1,ppb
麥寮站,21,鄰-乙基甲苯,0.01,ppb
麥寮站,21,"1,2,4-三甲基苯",0.31,ppb
麥寮站,21,葵烷,0.02,ppb
麥寮站,21,"1,2,3-三甲基苯",0,ppb
麥寮站,21,間-二乙基苯,0,ppb
麥寮站,21,對-二乙基苯,0,ppbv
麥寮站,21,正十一烷,0.01,ppbv
台西站,21,乙烷,0.7,ppb
台西站,21,乙烯,2.69,ppb
台西站,21,丙烷,0.58,ppb
台西站,21,丙烯,0.59,ppb
台西站,21,異丁烷,0.46,ppb
台西站,21,正丁烷,0.59,ppb
台西站,21,乙炔,2.28,ppb
台西站,21,反2-丁烯,0.14,ppb
台西站,21,1-丁烯,0.46,ppb
台西站,21,順2-丁烯,0,ppb
台西站,21,環戊烷,0,ppb
台西站,21,異戊烷,0.49,ppb
台西站,21,正戊烷,0.19,ppb
台西站,21,反2-戊烯,0,ppb
台西站,21,1-戊烯,0,ppb
台西站,21,順2-戊烯,0,ppb
台西站,21,"2,2-二甲基丁烷",0,ppb
台西站,21,"2,3-二甲基丁烷",0,ppb
台西站,21,2-甲基戊烷,0,ppb
台西站,21,3-甲基戊烷,0,ppb
台西站,21,異戊二烯,0,ppb
台西站,21,正己烷,0,ppb
台西站,21,甲基環戊烷,0,ppb
台西站,21,"2,4-二甲基戊烷",0.06,ppb
台西站,21,苯,0.05,ppb
台西站,21,環己烷,0,ppb
台西站,21,2-甲基己烷,0,ppb
台西站,21,"2,3-二甲基戊烷",0,ppb
台西站,21,3-甲基己烷,0,ppb
台西站,21,"2,2,4-三甲基戊烷",0,ppb
台西站,21,正庚烷,0,ppb
台西站,21,甲基環己烷,0.04,ppb
台西站,21,"2,3,4-三甲基戊烷",0,ppb
台西站,21,甲苯,0.1,ppb
台西站,21,2-甲基庚烷,0,ppb
台西站,21,3-甲基庚烷,0.03,ppb
台西站,21,正辛烷,0,ppb
台西站,21,乙苯,0,ppb
台西站,21,"間,對二甲苯",0.31,ppb
台西站,21,苯乙烯,0,ppb
台西站,21,鄰二甲苯,0,ppb
台西站,21,正壬烷,0,ppb
台西站,21,異丙基苯,0,ppb
台西站,21,正丙基苯,0.04,ppb
台西站,21,間-乙基甲苯,0,ppb
台西站,21,對-乙基甲苯,0,ppb
台西站,21,"1,3,5-三甲基苯",0,ppb
台西站,21,鄰-乙基甲苯,0,ppb
台西站,21,"1,2,4-三甲基苯",0.05,ppb
台西站,21,葵烷,0,ppb
台西站,21,"1,2,3-三甲基苯",0,ppb
台西站,21,間-二乙基苯,0,ppb
台西站,21,對-二乙基苯,0,ppbv
台西站,21,正十一烷,0,ppbv
土庫站,21,乙烷,1.47,ppb
土庫站,21,乙烯,1.4,ppb
土庫站,21,丙烷,2.07,ppb
土庫站,21,丙烯,0.99,ppb
土庫站,21,異丁烷,1.33,ppb
土庫站,21,正丁烷,2.09,ppb
土庫站,21,乙炔,5.73,ppb
土庫站,21,反2-丁烯,0.38,ppb
土庫站,21,1-丁烯,0.48,ppb
土庫站,21,順2-丁烯,0.5,ppb
土庫站,21,環戊烷,0.32,ppb
土庫站,21,異戊烷,1.69,ppb
土庫站,21,正戊烷,0.86,ppb
土庫站,21,反2-戊烯,0.24,ppb
土庫站,21,1-戊烯,0.39,ppb
土庫站,21,順2-戊烯,0.05,ppb
土庫站,21,"2,2-二甲基丁烷",0.03,ppb
土庫站,21,"2,3-二甲基丁烷",0.14,ppb
土庫站,21,2-甲基戊烷,0.51,ppb
土庫站,21,3-甲基戊烷,0.44,ppb
土庫站,21,異戊二烯,0.22,ppb
土庫站,21,正己烷,0,ppb
土庫站,21,甲基環戊烷,0,ppb
土庫站,21,"2,4-二甲基戊烷",0,ppb
土庫站,21,苯,0.05,ppb
土庫站,21,環己烷,0,ppb
土庫站,21,2-甲基己烷,0,ppb
土庫站,21,"2,3-二甲基戊烷",0,ppb
土庫站,21,3-甲基己烷,0,ppb
土庫站,21,"2,2,4-三甲基戊烷",0.02,ppb
土庫站,21,正庚烷,0,ppb
土庫站,21,甲基環己烷,0,ppb
土庫站,21,"2,3,4-三甲基戊烷",0,ppb
土庫站,21,甲苯,2.3,ppb
土庫站,21,2-甲基庚烷,0,ppb
土庫站,21,3-甲基庚烷,0,ppb
土庫站,21,正辛烷,0,ppb
土庫站,21,乙苯,0,ppb
土庫站,21,"間,對二甲苯",1.35,ppb
土庫站,21,苯乙烯,0,ppb
土庫站,21,鄰二甲苯,0.36,ppb
土庫站,21,正壬烷,0,ppb
土庫站,21,異丙基苯,0,ppb
土庫站,21,正丙基苯,0,ppb
土庫站,21,間-乙基甲苯,0.32,ppb
土庫站,21,對-乙基甲苯,0,ppb
土庫站,21,"1,3,5-三甲基苯",0,ppb
土庫站,21,鄰-乙基甲苯,0,ppb
土庫站,21,"1,2,4-三甲基苯",0.9,ppb
土庫站,21,葵烷,0.07,ppb
土庫站,21,"1,2,3-三甲基苯",0,ppb
土庫站,21,間-二乙基苯,0,ppb
土庫站,21,對-二乙基苯,0,ppbv
土庫站,21,正十一烷,0,ppbv
西螺站,21,乙烷,1.13,ppb
西螺站,21,乙烯,1.32,ppb
西螺站,21,丙烷,1.54,ppb
西螺站,21,丙烯,0.89,ppb
西螺站,21,異丁烷,0.85,ppb
西螺站,21,正丁烷,1.53,ppb
西螺站,21,乙炔,1.53,ppb
西螺站,21,反2-丁烯,0,ppb
西螺站,21,1-丁烯,0.4,ppb
西螺站,21,順2-丁烯,0,ppb
西螺站,21,環戊烷,0.25,ppb
西螺站,21,異戊烷,1.76,ppb
西螺站,21,正戊烷,0.83,ppb
西螺站,21,反2-戊烯,0,ppb
西螺站,21,1-戊烯,0,ppb
西螺站,21,順2-戊烯,0,ppb
西螺站,21,"2,2-二甲基丁烷",0,ppb
西螺站,21,"2,3-二甲基丁烷",0.18,ppb
西螺站,21,2-甲基戊烷,0.44,ppb
西螺站,21,3-甲基戊烷,0.3,ppb
西螺站,21,異戊二烯,0.18,ppb
西螺站,21,正己烷,0.16,ppb
西螺站,21,甲基環戊烷,0,ppb
西螺站,21,"2,4-二甲基戊烷",0,ppb
西螺站,21,苯,0.79,ppb
西螺站,21,環己烷,0,ppb
西螺站,21,2-甲基己烷,0,ppb
西螺站,21,"2,3-二甲基戊烷",0,ppb
西螺站,21,3-甲基己烷,0,ppb
西螺站,21,"2,2,4-三甲基戊烷",0.43,ppb
西螺站,21,正庚烷,0.16,ppb
西螺站,21,甲基環己烷,0,ppb
西螺站,21,"2,3,4-三甲基戊烷",0,ppb
西螺站,21,甲苯,2.31,ppb
西螺站,21,2-甲基庚烷,0,ppb
西螺站,21,3-甲基庚烷,0,ppb
西螺站,21,正辛烷,0.13,ppb
西螺站,21,乙苯,0.43,ppb
西螺站,21,"間,對二甲苯",1.2,ppb
西螺站,21,苯乙烯,0.03,ppb
西螺站,21,鄰二甲苯,0.31,ppb
西螺站,21,正壬烷,0.01,ppb
西螺站,21,異丙基苯,0.01,ppb
西螺站,21,正丙基苯,0.01,ppb
西螺站,21,間-乙基甲苯,0.11,ppb
西螺站,21,對-乙基甲苯,0,ppb
西螺站,21,"1,3,5-三甲基苯",0.02,ppb
西螺站,21,鄰-乙基甲苯,0.01,ppb
西螺站,21,"1,2,4-三甲基苯",0.78,ppb
西螺站,21,葵烷,0.01,ppb
西螺站,21,"1,2,3-三甲基苯",0.37,ppb
西螺站,21,間-二乙基苯,0,ppb
西螺站,21,對-二乙基苯,0.05,ppbv
西螺站,21,正十一烷,0.08,ppbv
大城站,22,乙烷,0.26,ppb
大城站,22,乙烯,0,ppb
大城站,22,丙烷,0,ppb
大城站,22,丙烯,0,ppb
大城站,22,異丁烷,0,ppb
大城站,22,正丁烷,0.32,ppb
大城站,22,乙炔,0,ppb
大城站,22,反2-丁烯,0.14,ppb
大城站,22,1-丁烯,0.27,ppb
大城站,22,順2-丁烯,0,ppb
大城站,22,環戊烷,0,ppb
大城站,22,異戊烷,0.28,ppb
大城站,22,正戊烷,0.23,ppb
大城站,22,反2-戊烯,0,ppb
大城站,22,1-戊烯,0,ppb
大城站,22,順2-戊烯,0,ppb
大城站,22,"2,2-二甲基丁烷",0,ppb
大城站,22,"2,3-二甲基丁烷",0,ppb
大城站,22,2-甲基戊烷,0,ppb
大城站,22,3-甲基戊烷,0,ppb
大城站,22,異戊二烯,0,ppb
大城站,22,正己烷,0,ppb
大城站,22,甲基環戊烷,0,ppb
大城站,22,"2,4-二甲基戊烷",0,ppb
大城站,22,苯,0,ppb
大城站,22,環己烷,0,ppb
大城站,22,2-甲基己烷,0,ppb
大城站,22,"2,3-二甲基戊烷",0,ppb
大城站,22,3-甲基己烷,0,ppb
大城站,22,"2,2,4-三甲基戊烷",0,ppb
大城站,22,正庚烷,0,ppb
大城站,22,甲基環己烷,0,ppb
大城站,22,"2,3,4-三甲基戊烷",0,ppb
大城站,22,甲苯,0,ppb
大城站,22,2-甲基庚烷,0,ppb
大城站,22,3-甲基庚烷,0,ppb
大城站,22,正辛烷,0,ppb
大城站,22,乙苯,0,ppb
大城站,22,"間,對二甲苯",0,ppb
大城站,22,苯乙烯,0,ppb
大城站,22,鄰二甲苯,0,ppb
大城站,22,正壬烷,0,ppb
大城站,22,異丙基苯,0,ppb
大城站,22,正丙基苯,0,ppb
大城站,22,間-乙基甲苯,0,ppb
大城站,22,對-乙基甲苯,0,ppb
大城站,22,"1,3,5-三甲基苯",0,ppb
大城站,22,鄰-乙基甲苯,0,ppb
大城站,22,"1,2,4-三甲基苯",0,ppb
大城站,22,葵烷,0,ppb
大城站,22,"1,2,3-三甲基苯",0,ppb
大城站,22,間-二乙基苯,0,ppb
大城站,22,對-二乙基苯,0,ppbv
大城站,22,正十一烷,0,ppbv
東石站,22,乙烷,0.9,ppb
東石站,22,乙烯,1.1,ppb
東石站,22,丙烷,1.09,ppb
東石站,22,丙烯,0.8,ppb
東石站,22,異丁烷,1,ppb
東石站,22,正丁烷,1.96,ppb
東石站,22,乙炔,1.43,ppb
東石站,22,反2-丁烯,0.21,ppb
東石站,22,1-丁烯,0.69,ppb
東石站,22,順2-丁烯,0,ppb
東石站,22,環戊烷,0,ppb
東石站,22,異戊烷,1.72,ppb
東石站,22,正戊烷,0.44,ppb
東石站,22,反2-戊烯,0,ppb
東石站,22,1-戊烯,0,ppb
東石站,22,順2-戊烯,0,ppb
東石站,22,"2,2-二甲基丁烷",0,ppb
東石站,22,"2,3-二甲基丁烷",0,ppb
東石站,22,2-甲基戊烷,0.19,ppb
東石站,22,3-甲基戊烷,0,ppb
東石站,22,異戊二烯,0,ppb
東石站,22,正己烷,0,ppb
東石站,22,甲基環戊烷,0,ppb
東石站,22,"2,4-二甲基戊烷",0,ppb
東石站,22,苯,0,ppb
東石站,22,環己烷,0,ppb
東石站,22,2-甲基己烷,0,ppb
東石站,22,"2,3-二甲基戊烷",0,ppb
東石站,22,3-甲基己烷,0,ppb
東石站,22,"2,2,4-三甲基戊烷",0,ppb
東石站,22,正庚烷,0,ppb
東石站,22,甲基環己烷,0,ppb
東石站,22,"2,3,4-三甲基戊烷",0,ppb
東石站,22,甲苯,1.16,ppb
東石站,22,2-甲基庚烷,0,ppb
東石站,22,3-甲基庚烷,0,ppb
東石站,22,正辛烷,0,ppb
東石站,22,乙苯,0,ppb
東石站,22,"間,對二甲苯",0.21,ppb
東石站,22,苯乙烯,0,ppb
東石站,22,鄰二甲苯,0,ppb
東石站,22,正壬烷,0,ppb
東石站,22,異丙基苯,0,ppb
東石站,22,正丙基苯,0,ppb
東石站,22,間-乙基甲苯,0,ppb
東石站,22,對-乙基甲苯,0,ppb
東石站,22,"1,3,5-三甲基苯",0,ppb
東石站,22,鄰-乙基甲苯,0,ppb
東石站,22,"1,2,4-三甲基苯",0,ppb
東石站,22,葵烷,0,ppb
東石站,22,"1,2,3-三甲基苯",0,ppb
東石站,22,間-二乙基苯,0,ppb
東石站,22,對-二乙基苯,0,ppbv
東石站,22,正十一烷,0,ppbv
褒忠站,22,乙烷,0.86,ppb
褒忠站,22,乙烯,0.84,ppb
褒忠站,22,丙烷,0.84,ppb
褒忠站,22,丙烯,0.44,ppb
褒忠站,22,異丁烷,0.59,ppb
褒忠站,22,正丁烷,1.09,ppb
褒忠站,22,乙炔,1.68,ppb
褒忠站,22,反2-丁烯,0,ppb
褒忠站,22,1-丁烯,1.32,ppb
褒忠站,22,順2-丁烯,0,ppb
褒忠站,22,環戊烷,0.85,ppb
褒忠站,22,異戊烷,0.95,ppb
褒忠站,22,正戊烷,0.56,ppb
褒忠站,22,反2-戊烯,0,ppb
褒忠站,22,1-戊烯,0,ppb
褒忠站,22,順2-戊烯,0,ppb
褒忠站,22,"2,2-二甲基丁烷",0,ppb
褒忠站,22,"2,3-二甲基丁烷",0,ppb
褒忠站,22,2-甲基戊烷,0.2,ppb
褒忠站,22,3-甲基戊烷,0.15,ppb
褒忠站,22,異戊二烯,0.43,ppb
褒忠站,22,正己烷,0.11,ppb
褒忠站,22,甲基環戊烷,0,ppb
褒忠站,22,"2,4-二甲基戊烷",0.06,ppb
褒忠站,22,苯,1.57,ppb
褒忠站,22,環己烷,0,ppb
褒忠站,22,2-甲基己烷,0.03,ppb
褒忠站,22,"2,3-二甲基戊烷",0,ppb
褒忠站,22,3-甲基己烷,0.18,ppb
褒忠站,22,"2,2,4-三甲基戊烷",0,ppb
褒忠站,22,正庚烷,0,ppb
褒忠站,22,甲基環己烷,0,ppb
褒忠站,22,"2,3,4-三甲基戊烷",0,ppb
褒忠站,22,甲苯,2.64,ppb
褒忠站,22,2-甲基庚烷,0.03,ppb
褒忠站,22,3-甲基庚烷,0.03,ppb
褒忠站,22,正辛烷,0.05,ppb
褒忠站,22,乙苯,0,ppb
褒忠站,22,"間,對二甲苯",0.73,ppb
褒忠站,22,苯乙烯,0.03,ppb
褒忠站,22,鄰二甲苯,0.29,ppb
褒忠站,22,正壬烷,0,ppb
褒忠站,22,異丙基苯,0.03,ppb
褒忠站,22,正丙基苯,0.1,ppb
褒忠站,22,間-乙基甲苯,0.22,ppb
褒忠站,22,對-乙基甲苯,0.01,ppb
褒忠站,22,"1,3,5-三甲基苯",0.02,ppb
褒忠站,22,鄰-乙基甲苯,0.05,ppb
褒忠站,22,"1,2,4-三甲基苯",0.32,ppb
褒忠站,22,葵烷,0.03,ppb
褒忠站,22,"1,2,3-三甲基苯",0.35,ppb
褒忠站,22,間-二乙基苯,0,ppb
褒忠站,22,對-二乙基苯,0,ppbv
褒忠站,22,正十一烷,0.06,ppbv
崙背站,22,乙烷,0.47,ppb
崙背站,22,乙烯,0,ppb
崙背站,22,丙烷,0.99,ppb
崙背站,22,丙烯,0,ppb
崙背站,22,異丁烷,0.88,ppb
崙背站,22,正丁烷,1.7,ppb
崙背站,22,乙炔,0.86,ppb
崙背站,22,反2-丁烯,0.3,ppb
崙背站,22,1-丁烯,0.42,ppb
崙背站,22,順2-丁烯,0.14,ppb
崙背站,22,環戊烷,0.26,ppb
崙背站,22,異戊烷,0.93,ppb
崙背站,22,正戊烷,0.39,ppb
崙背站,22,反2-戊烯,0,ppb
崙背站,22,1-戊烯,0,ppb
崙背站,22,順2-戊烯,0,ppb
崙背站,22,"2,2-二甲基丁烷",0,ppb
崙背站,22,"2,3-二甲基丁烷",0,ppb
崙背站,22,2-甲基戊烷,0.17,ppb
崙背站,22,3-甲基戊烷,0.13,ppb
崙背站,22,異戊二烯,0,ppb
崙背站,22,正己烷,0,ppb
崙背站,22,甲基環戊烷,0,ppb
崙背站,22,"2,4-二甲基戊烷",0,ppb
崙背站,22,苯,0,ppb
崙背站,22,環己烷,0,ppb
崙背站,22,2-甲基己烷,0,ppb
崙背站,22,"2,3-二甲基戊烷",0,ppb
崙背站,22,3-甲基己烷,0,ppb
崙背站,22,"2,2,4-三甲基戊烷",0,ppb
崙背站,22,正庚烷,0,ppb
崙背站,22,甲基環己烷,0,ppb
崙背站,22,"2,3,4-三甲基戊烷",0,ppb
崙背站,22,甲苯,0.55,ppb
崙背站,22,2-甲基庚烷,0,ppb
崙背站,22,3-甲基庚烷,0,ppb
崙背站,22,正辛烷,0,ppb
崙背站,22,乙苯,0,ppb
崙背站,22,"間,對二甲苯",0,ppb
崙背站,22,苯乙烯,0,ppb
崙背站,22,鄰二甲苯,0,ppb
崙背站,22,正壬烷,0,ppb
崙背站,22,異丙基苯,0,ppb
崙背站,22,正丙基苯,0,ppb
崙背站,22,間-乙基甲苯,0,ppb
崙背站,22,對-乙基甲苯,0,ppb
崙背站,22,"1,3,5-三甲基苯",0,ppb
崙背站,22,鄰-乙基甲苯,0,ppb
崙背站,22,"1,2,4-三甲基苯",0,ppb
崙背站,22,葵烷,0,ppb
崙背站,22,"1,2,3-三甲基苯",0,ppb
崙背站,22,間-二乙基苯,0,ppb
崙背站,22,對-二乙基苯,0,ppbv
崙背站,22,正十一烷,0,ppbv
四湖站,22,乙烷,0.87,ppb
四湖站,22,乙烯,0.19,ppb
四湖站,22,丙烷,1.1,ppb
四湖站,22,丙烯,0.37,ppb
四湖站,22,異丁烷,1.31,ppb
四湖站,22,正丁烷,2.38,ppb
四湖站,22,乙炔,1.69,ppb
四湖站,22,反2-丁烯,0,ppb
四湖站,22,1-丁烯,1.61,ppb
四湖站,22,順2-丁烯,0,ppb
四湖站,22,環戊烷,0,ppb
四湖站,22,異戊烷,0.52,ppb
四湖站,22,正戊烷,0.24,ppb
四湖站,22,反2-戊烯,0,ppb
四湖站,22,1-戊烯,0,ppb
四湖站,22,順2-戊烯,0,ppb
四湖站,22,"2,2-二甲基丁烷",0,ppb
四湖站,22,"2,3-二甲基丁烷",0,ppb
四湖站,22,2-甲基戊烷,0,ppb
四湖站,22,3-甲基戊烷,0,ppb
四湖站,22,異戊二烯,0,ppb
四湖站,22,正己烷,0,ppb
四湖站,22,甲基環戊烷,0,ppb
四湖站,22,"2,4-二甲基戊烷",0,ppb
四湖站,22,苯,0.65,ppb
四湖站,22,環己烷,0,ppb
四湖站,22,2-甲基己烷,0,ppb
四湖站,22,"2,3-二甲基戊烷",0,ppb
四湖站,22,3-甲基己烷,0,ppb
四湖站,22,"2,2,4-三甲基戊烷",0,ppb
四湖站,22,正庚烷,0,ppb
四湖站,22,甲基環己烷,0,ppb
四湖站,22,"2,3,4-三甲基戊烷",0,ppb
四湖站,22,甲苯,0.91,ppb
四湖站,22,2-甲基庚烷,0,ppb
四湖站,22,3-甲基庚烷,0,ppb
四湖站,22,正辛烷,0,ppb
四湖站,22,乙苯,0,ppb
四湖站,22,"間,對二甲苯",0.55,ppb
四湖站,22,苯乙烯,0,ppb
四湖站,22,鄰二甲苯,0,ppb
四湖站,22,正壬烷,0,ppb
四湖站,22,異丙基苯,0,ppb
四湖站,22,正丙基苯,0,ppb
四湖站,22,間-乙基甲苯,0,ppb
四湖站,22,對-乙基甲苯,0,ppb
四湖站,22,"1,3,5-三甲基苯",0,ppb
四湖站,22,鄰-乙基甲苯,0,ppb
四湖站,22,"1,2,4-三甲基苯",0,ppb
四湖站,22,葵烷,0,ppb
四湖站,22,"1,2,3-三甲基苯",0,ppb
四湖站,22,間-二乙基苯,0,ppb
四湖站,22,對-二乙基苯,0,ppbv
四湖站,22,正十一烷,0.19,ppbv
東勢站,22,乙烷,0.95,ppb
東勢站,22,乙烯,1.05,ppb
東勢站,22,丙烷,1.81,ppb
東勢站,22,丙烯,0.57,ppb
東勢站,22,異丁烷,1.66,ppb
東勢站,22,正丁烷,3.64,ppb
東勢站,22,乙炔,2.31,ppb
東勢站,22,反2-丁烯,0.41,ppb
東勢站,22,1-丁烯,0.61,ppb
東勢站,22,順2-丁烯,0.21,ppb
東勢站,22,環戊烷,0,ppb
東勢站,22,異戊烷,3.34,ppb
東勢站,22,正戊烷,1.48,ppb
東勢站,22,反2-戊烯,0.3,ppb
東勢站,22,1-戊烯,0.23,ppb
東勢站,22,順2-戊烯,0,ppb
東勢站,22,"2,2-二甲基丁烷",0.1,ppb
東勢站,22,"2,3-二甲基丁烷",0.17,ppb
東勢站,22,2-甲基戊烷,0.51,ppb
東勢站,22,3-甲基戊烷,0.42,ppb
東勢站,22,異戊二烯,0.35,ppb
東勢站,22,正己烷,0.28,ppb
東勢站,22,甲基環戊烷,0,ppb
東勢站,22,"2,4-二甲基戊烷",0,ppb
東勢站,22,苯,0,ppb
東勢站,22,環己烷,0,ppb
東勢站,22,2-甲基己烷,0,ppb
東勢站,22,"2,3-二甲基戊烷",0,ppb
東勢站,22,3-甲基己烷,0,ppb
東勢站,22,"2,2,4-三甲基戊烷",0,ppb
東勢站,22,正庚烷,0,ppb
東勢站,22,甲基環己烷,0,ppb
東勢站,22,"2,3,4-三甲基戊烷",0,ppb
東勢站,22,甲苯,2.16,ppb
東勢站,22,2-甲基庚烷,0,ppb
東勢站,22,3-甲基庚烷,0,ppb
東勢站,22,正辛烷,0.24,ppb
東勢站,22,乙苯,0.37,ppb
東勢站,22,"間,對二甲苯",1.4,ppb
東勢站,22,苯乙烯,0,ppb
東勢站,22,鄰二甲苯,0.61,ppb
東勢站,22,正壬烷,0,ppb
東勢站,22,異丙基苯,0.02,ppb
東勢站,22,正丙基苯,0.05,ppb
東勢站,22,間-乙基甲苯,0.36,ppb
東勢站,22,對-乙基甲苯,0,ppb
東勢站,22,"1,3,5-三甲基苯",0.26,ppb
東勢站,22,鄰-乙基甲苯,0,ppb
東勢站,22,"1,2,4-三甲基苯",0.93,ppb
東勢站,22,葵烷,0,ppb
東勢站,22,"1,2,3-三甲基苯",0.25,ppb
東勢站,22,間-二乙基苯,0,ppb
東勢站,22,對-二乙基苯,0.13,ppbv
東勢站,22,正十一烷,0,ppbv
麥寮站,22,乙烷,1.65,ppb
麥寮站,22,乙烯,1.4,ppb
麥寮站,22,丙烷,0.43,ppb
麥寮站,22,丙烯,2.68,ppb
麥寮站,22,異丁烷,0.73,ppb
麥寮站,22,正丁烷,1.63,ppb
麥寮站,22,乙炔,2.84,ppb
麥寮站,22,反2-丁烯,0.27,ppb
麥寮站,22,1-丁烯,0.7,ppb
麥寮站,22,順2-丁烯,0.26,ppb
麥寮站,22,環戊烷,0.37,ppb
麥寮站,22,異戊烷,3.29,ppb
麥寮站,22,正戊烷,1.11,ppb
麥寮站,22,反2-戊烯,0.29,ppb
麥寮站,22,1-戊烯,0.44,ppb
麥寮站,22,順2-戊烯,0.36,ppb
麥寮站,22,"2,2-二甲基丁烷",0,ppb
麥寮站,22,"2,3-二甲基丁烷",0.61,ppb
麥寮站,22,2-甲基戊烷,1.06,ppb
麥寮站,22,3-甲基戊烷,0,ppb
麥寮站,22,異戊二烯,0,ppb
麥寮站,22,正己烷,1.81,ppb
麥寮站,22,甲基環戊烷,0.69,ppb
麥寮站,22,"2,4-二甲基戊烷",0,ppb
麥寮站,22,苯,0.88,ppb
麥寮站,22,環己烷,0.49,ppb
麥寮站,22,2-甲基己烷,0,ppb
麥寮站,22,"2,3-二甲基戊烷",0,ppb
麥寮站,22,3-甲基己烷,0.21,ppb
麥寮站,22,"2,2,4-三甲基戊烷",0,ppb
麥寮站,22,正庚烷,0.42,ppb
麥寮站,22,甲基環己烷,0.4,ppb
麥寮站,22,"2,3,4-三甲基戊烷",0,ppb
麥寮站,22,甲苯,2.21,ppb
麥寮站,22,2-甲基庚烷,0,ppb
麥寮站,22,3-甲基庚烷,0.26,ppb
麥寮站,22,正辛烷,0.49,ppb
麥寮站,22,乙苯,0.44,ppb
麥寮站,22,"間,對二甲苯",0.88,ppb
麥寮站,22,苯乙烯,0,ppb
麥寮站,22,鄰二甲苯,0.8,ppb
麥寮站,22,正壬烷,0.39,ppb
麥寮站,22,異丙基苯,0.02,ppb
麥寮站,22,正丙基苯,0.09,ppb
麥寮站,22,間-乙基甲苯,0.3,ppb
麥寮站,22,對-乙基甲苯,0,ppb
麥寮站,22,"1,3,5-三甲基苯",0.29,ppb
麥寮站,22,鄰-乙基甲苯,0.11,ppb
麥寮站,22,"1,2,4-三甲基苯",0.63,ppb
麥寮站,22,葵烷,0.15,ppb
麥寮站,22,"1,2,3-三甲基苯",0.12,ppb
麥寮站,22,間-二乙基苯,0,ppb
麥寮站,22,對-二乙基苯,0,ppbv
麥寮站,22,正十一烷,0.1,ppbv
台西站,22,乙烷,0.56,ppb
台西站,22,乙烯,0.63,ppb
台西站,22,丙烷,0.42,ppb
台西站,22,丙烯,0.27,ppb
台西站,22,異丁烷,0.33,ppb
台西站,22,正丁烷,0.51,ppb
台西站,22,乙炔,1.67,ppb
台西站,22,反2-丁烯,0.15,ppb
台西站,22,1-丁烯,0.62,ppb
台西站,22,順2-丁烯,0,ppb
台西站,22,環戊烷,0,ppb
台西站,22,異戊烷,0,ppb
台西站,22,正戊烷,0,ppb
台西站,22,反2-戊烯,0,ppb
台西站,22,1-戊烯,0,ppb
台西站,22,順2-戊烯,0,ppb
台西站,22,"2,2-二甲基丁烷",0,ppb
台西站,22,"2,3-二甲基丁烷",0,ppb
台西站,22,2-甲基戊烷,0,ppb
台西站,22,3-甲基戊烷,0,ppb
台西站,22,異戊二烯,0,ppb
台西站,22,正己烷,0.21,ppb
台西站,22,甲基環戊烷,0,ppb
台西站,22,"2,4-二甲基戊烷",0.02,ppb
台西站,22,苯,0,ppb
台西站,22,環己烷,0,ppb
台西站,22,2-甲基己烷,0,ppb
台西站,22,"2,3-二甲基戊烷",0,ppb
台西站,22,3-甲基己烷,0.01,ppb
台西站,22,"2,2,4-三甲基戊烷",0,ppb
台西站,22,正庚烷,0,ppb
台西站,22,甲基環己烷,0.02,ppb
台西站,22,"2,3,4-三甲基戊烷",0,ppb
台西站,22,甲苯,0,ppb
台西站,22,2-甲基庚烷,0,ppb
台西站,22,3-甲基庚烷,0,ppb
台西站,22,正辛烷,0,ppb
台西站,22,乙苯,0,ppb
台西站,22,"間,對二甲苯",0,ppb
台西站,22,苯乙烯,0,ppb
台西站,22,鄰二甲苯,0,ppb
台西站,22,正壬烷,0,ppb
台西站,22,異丙基苯,0,ppb
台西站,22,正丙基苯,0,ppb
台西站,22,間-乙基甲苯,0,ppb
台西站,22,對-乙基甲苯,0,ppb
台西站,22,"1,3,5-三甲基苯",0,ppb
台西站,22,鄰-乙基甲苯,0,ppb
台西站,22,"1,2,4-三甲基苯",0,ppb
台西站,22,葵烷,0,ppb
台西站,22,"1,2,3-三甲基苯",0,ppb
台西站,22,間-二乙基苯,0,ppb
台西站,22,對-二乙基苯,0,ppbv
台西站,22,正十一烷,0,ppbv
土庫站,22,乙烷,0.98,ppb
土庫站,22,乙烯,0.9,ppb
土庫站,22,丙烷,1.51,ppb
土庫站,22,丙烯,0.95,ppb
土庫站,22,異丁烷,0.85,ppb
土庫站,22,正丁烷,1.7,ppb
土庫站,22,乙炔,4.73,ppb
土庫站,22,反2-丁烯,0,ppb
土庫站,22,1-丁烯,0.4,ppb
土庫站,22,順2-丁烯,0.08,ppb
土庫站,22,環戊烷,0.37,ppb
土庫站,22,異戊烷,1.35,ppb
土庫站,22,正戊烷,0.76,ppb
土庫站,22,反2-戊烯,0.06,ppb
土庫站,22,1-戊烯,0,ppb
土庫站,22,順2-戊烯,0.11,ppb
土庫站,22,"2,2-二甲基丁烷",0.05,ppb
土庫站,22,"2,3-二甲基丁烷",0.23,ppb
土庫站,22,2-甲基戊烷,0.57,ppb
土庫站,22,3-甲基戊烷,0.27,ppb
土庫站,22,異戊二烯,0.55,ppb
土庫站,22,正己烷,0,ppb
土庫站,22,甲基環戊烷,0,ppb
土庫站,22,"2,4-二甲基戊烷",0,ppb
土庫站,22,苯,0,ppb
土庫站,22,環己烷,0,ppb
土庫站,22,2-甲基己烷,0,ppb
土庫站,22,"2,3-二甲基戊烷",0,ppb
土庫站,22,3-甲基己烷,0,ppb
土庫站,22,"2,2,4-三甲基戊烷",0,ppb
土庫站,22,正庚烷,0,ppb
土庫站,22,甲基環己烷,0,ppb
土庫站,22,"2,3,4-三甲基戊烷",0,ppb
土庫站,22,甲苯,2.98,ppb
土庫站,22,2-甲基庚烷,0.02,ppb
土庫站,22,3-甲基庚烷,0,ppb
土庫站,22,正辛烷,0,ppb
土庫站,22,乙苯,0.09,ppb
土庫站,22,"間,對二甲苯",1.61,ppb
土庫站,22,苯乙烯,0,ppb
土庫站,22,鄰二甲苯,0.5,ppb
土庫站,22,正壬烷,0,ppb
土庫站,22,異丙基苯,0,ppb
土庫站,22,正丙基苯,0,ppb
土庫站,22,間-乙基甲苯,0.94,ppb
土庫站,22,對-乙基甲苯,0.4,ppb
土庫站,22,"1,3,5-三甲基苯",0.58,ppb
土庫站,22,鄰-乙基甲苯,0,ppb
土庫站,22,"1,2,4-三甲基苯",2.11,ppb
土庫站,22,葵烷,0,ppb
土庫站,22,"1,2,3-三甲基苯",0.55,ppb
土庫站,22,間-二乙基苯,0,ppb
土庫站,22,對-二乙基苯,0,ppbv
土庫站,22,正十一烷,0,ppbv
西螺站,22,乙烷,1.39,ppb
西螺站,22,乙烯,1.9,ppb
西螺站,22,丙烷,2.13,ppb
西螺站,22,丙烯,1.56,ppb
西螺站,22,異丁烷,1.04,ppb
西螺站,22,正丁烷,1.95,ppb
西螺站,22,乙炔,1.64,ppb
西螺站,22,反2-丁烯,0.18,ppb
西螺站,22,1-丁烯,0.55,ppb
西螺站,22,順2-丁烯,0,ppb
西螺站,22,環戊烷,0.3,ppb
西螺站,22,異戊烷,1.69,ppb
西螺站,22,正戊烷,0.97,ppb
西螺站,22,反2-戊烯,0.13,ppb
西螺站,22,1-戊烯,0,ppb
西螺站,22,順2-戊烯,0,ppb
西螺站,22,"2,2-二甲基丁烷",0,ppb
西螺站,22,"2,3-二甲基丁烷",0,ppb
西螺站,22,2-甲基戊烷,0.46,ppb
西螺站,22,3-甲基戊烷,0.37,ppb
西螺站,22,異戊二烯,0.28,ppb
西螺站,22,正己烷,0.06,ppb
西螺站,22,甲基環戊烷,0,ppb
西螺站,22,"2,4-二甲基戊烷",0,ppb
西螺站,22,苯,1.06,ppb
西螺站,22,環己烷,0,ppb
西螺站,22,2-甲基己烷,0,ppb
西螺站,22,"2,3-二甲基戊烷",0,ppb
西螺站,22,3-甲基己烷,0,ppb
西螺站,22,"2,2,4-三甲基戊烷",0.27,ppb
西螺站,22,正庚烷,0.12,ppb
西螺站,22,甲基環己烷,0,ppb
西螺站,22,"2,3,4-三甲基戊烷",0,ppb
西螺站,22,甲苯,2.25,ppb
西螺站,22,2-甲基庚烷,0.09,ppb
西螺站,22,3-甲基庚烷,0.03,ppb
西螺站,22,正辛烷,0,ppb
西螺站,22,乙苯,0.27,ppb
西螺站,22,"間,對二甲苯",0.96,ppb
西螺站,22,苯乙烯,0.02,ppb
西螺站,22,鄰二甲苯,0.21,ppb
西螺站,22,正壬烷,0.01,ppb
西螺站,22,異丙基苯,0.02,ppb
西螺站,22,正丙基苯,0.01,ppb
西螺站,22,間-乙基甲苯,0.1,ppb
西螺站,22,對-乙基甲苯,0.01,ppb
西螺站,22,"1,3,5-三甲基苯",0.06,ppb
西螺站,22,鄰-乙基甲苯,0.07,ppb
西螺站,22,"1,2,4-三甲基苯",0.73,ppb
西螺站,22,葵烷,0.06,ppb
西螺站,22,"1,2,3-三甲基苯",0.48,ppb
西螺站,22,間-二乙基苯,0.01,ppb
西螺站,22,對-二乙基苯,0.04,ppbv
西螺站,22,正十一烷,0.06,ppbv
大城站,23,乙烷,0.5,ppb
大城站,23,乙烯,0,ppb
大城站,23,丙烷,0,ppb
大城站,23,丙烯,0,ppb
大城站,23,異丁烷,0,ppb
大城站,23,正丁烷,0,ppb
大城站,23,乙炔,0,ppb
大城站,23,反2-丁烯,0.11,ppb
大城站,23,1-丁烯,0.21,ppb
大城站,23,順2-丁烯,0,ppb
大城站,23,環戊烷,0,ppb
大城站,23,異戊烷,0.21,ppb
大城站,23,正戊烷,0.16,ppb
大城站,23,反2-戊烯,0,ppb
大城站,23,1-戊烯,0,ppb
大城站,23,順2-戊烯,0,ppb
大城站,23,"2,2-二甲基丁烷",0,ppb
大城站,23,"2,3-二甲基丁烷",0,ppb
大城站,23,2-甲基戊烷,0,ppb
大城站,23,3-甲基戊烷,0,ppb
大城站,23,異戊二烯,0,ppb
大城站,23,正己烷,0,ppb
大城站,23,甲基環戊烷,0,ppb
大城站,23,"2,4-二甲基戊烷",0,ppb
大城站,23,苯,0,ppb
大城站,23,環己烷,0,ppb
大城站,23,2-甲基己烷,0,ppb
大城站,23,"2,3-二甲基戊烷",0,ppb
大城站,23,3-甲基己烷,0,ppb
大城站,23,"2,2,4-三甲基戊烷",0,ppb
大城站,23,正庚烷,0,ppb
大城站,23,甲基環己烷,0,ppb
大城站,23,"2,3,4-三甲基戊烷",0,ppb
大城站,23,甲苯,0,ppb
大城站,23,2-甲基庚烷,0,ppb
大城站,23,3-甲基庚烷,0,ppb
大城站,23,正辛烷,0,ppb
大城站,23,乙苯,0,ppb
大城站,23,"間,對二甲苯",0,ppb
大城站,23,苯乙烯,0,ppb
大城站,23,鄰二甲苯,0,ppb
大城站,23,正壬烷,0,ppb
大城站,23,異丙基苯,0,ppb
大城站,23,正丙基苯,0,ppb
大城站,23,間-乙基甲苯,0,ppb
大城站,23,對-乙基甲苯,0,ppb
大城站,23,"1,3,5-三甲基苯",0,ppb
大城站,23,鄰-乙基甲苯,0,ppb
大城站,23,"1,2,4-三甲基苯",0,ppb
大城站,23,葵烷,0,ppb
大城站,23,"1,2,3-三甲基苯",0,ppb
大城站,23,間-二乙基苯,0,ppb
大城站,23,對-二乙基苯,0,ppbv
大城站,23,正十一烷,0,ppbv
東石站,23,乙烷,0.78,ppb
東石站,23,乙烯,0.72,ppb
東石站,23,丙烷,0.99,ppb
東石站,23,丙烯,0.68,ppb
東石站,23,異丁烷,0.92,ppb
東石站,23,正丁烷,1.91,ppb
東石站,23,乙炔,1.18,ppb
東石站,23,反2-丁烯,0.08,ppb
東石站,23,1-丁烯,0.51,ppb
東石站,23,順2-丁烯,0,ppb
東石站,23,環戊烷,0,ppb
東石站,23,異戊烷,2.07,ppb
東石站,23,正戊烷,0.6,ppb
東石站,23,反2-戊烯,0,ppb
東石站,23,1-戊烯,0,ppb
東石站,23,順2-戊烯,0,ppb
東石站,23,"2,2-二甲基丁烷",0,ppb
東石站,23,"2,3-二甲基丁烷",0.3,ppb
東石站,23,2-甲基戊烷,0.27,ppb
東石站,23,3-甲基戊烷,0,ppb
東石站,23,異戊二烯,0,ppb
東石站,23,正己烷,0,ppb
東石站,23,甲基環戊烷,0,ppb
東石站,23,"2,4-二甲基戊烷",0,ppb
東石站,23,苯,0,ppb
東石站,23,環己烷,0,ppb
東石站,23,2-甲基己烷,0,ppb
東石站,23,"2,3-二甲基戊烷",0,ppb
東石站,23,3-甲基己烷,0,ppb
東石站,23,"2,2,4-三甲基戊烷",0,ppb
東石站,23,正庚烷,0,ppb
東石站,23,甲基環己烷,0,ppb
東石站,23,"2,3,4-三甲基戊烷",0,ppb
東石站,23,甲苯,1.08,ppb
東石站,23,2-甲基庚烷,0,ppb
東石站,23,3-甲基庚烷,0,ppb
東石站,23,正辛烷,0,ppb
東石站,23,乙苯,0,ppb
東石站,23,"間,對二甲苯",0,ppb
東石站,23,苯乙烯,0,ppb
東石站,23,鄰二甲苯,0,ppb
東石站,23,正壬烷,0,ppb
東石站,23,異丙基苯,0,ppb
東石站,23,正丙基苯,0,ppb
東石站,23,間-乙基甲苯,0,ppb
東石站,23,對-乙基甲苯,0,ppb
東石站,23,"1,3,5-三甲基苯",0,ppb
東石站,23,鄰-乙基甲苯,0,ppb
東石站,23,"1,2,4-三甲基苯",0,ppb
東石站,23,葵烷,0,ppb
東石站,23,"1,2,3-三甲基苯",0,ppb
東石站,23,間-二乙基苯,0,ppb
東石站,23,對-二乙基苯,0,ppbv
東石站,23,正十一烷,0,ppbv
褒忠站,23,乙烷,0.64,ppb
褒忠站,23,乙烯,0.38,ppb
褒忠站,23,丙烷,0.65,ppb
褒忠站,23,丙烯,0,ppb
褒忠站,23,異丁烷,0.46,ppb
褒忠站,23,正丁烷,0.85,ppb
褒忠站,23,乙炔,0,ppb
褒忠站,23,反2-丁烯,0,ppb
褒忠站,23,1-丁烯,1.3,ppb
褒忠站,23,順2-丁烯,0,ppb
褒忠站,23,環戊烷,1.12,ppb
褒忠站,23,異戊烷,0.74,ppb
褒忠站,23,正戊烷,0.36,ppb
褒忠站,23,反2-戊烯,0,ppb
褒忠站,23,1-戊烯,0,ppb
褒忠站,23,順2-戊烯,0,ppb
褒忠站,23,"2,2-二甲基丁烷",0,ppb
褒忠站,23,"2,3-二甲基丁烷",0,ppb
褒忠站,23,2-甲基戊烷,0.14,ppb
褒忠站,23,3-甲基戊烷,0.1,ppb
褒忠站,23,異戊二烯,0.39,ppb
褒忠站,23,正己烷,0.03,ppb
褒忠站,23,甲基環戊烷,0.12,ppb
褒忠站,23,"2,4-二甲基戊烷",0.06,ppb
褒忠站,23,苯,0.84,ppb
褒忠站,23,環己烷,0.03,ppb
褒忠站,23,2-甲基己烷,0,ppb
褒忠站,23,"2,3-二甲基戊烷",0,ppb
褒忠站,23,3-甲基己烷,0.08,ppb
褒忠站,23,"2,2,4-三甲基戊烷",0.04,ppb
褒忠站,23,正庚烷,0.03,ppb
褒忠站,23,甲基環己烷,0,ppb
褒忠站,23,"2,3,4-三甲基戊烷",0.03,ppb
褒忠站,23,甲苯,1.16,ppb
褒忠站,23,2-甲基庚烷,0.06,ppb
褒忠站,23,3-甲基庚烷,0,ppb
褒忠站,23,正辛烷,0.02,ppb
褒忠站,23,乙苯,0.17,ppb
褒忠站,23,"間,對二甲苯",0.62,ppb
褒忠站,23,苯乙烯,0,ppb
褒忠站,23,鄰二甲苯,0.19,ppb
褒忠站,23,正壬烷,0.02,ppb
褒忠站,23,異丙基苯,0,ppb
褒忠站,23,正丙基苯,0.03,ppb
褒忠站,23,間-乙基甲苯,0.09,ppb
褒忠站,23,對-乙基甲苯,0,ppb
褒忠站,23,"1,3,5-三甲基苯",0.02,ppb
褒忠站,23,鄰-乙基甲苯,0,ppb
褒忠站,23,"1,2,4-三甲基苯",0.1,ppb
褒忠站,23,葵烷,0.15,ppb
褒忠站,23,"1,2,3-三甲基苯",0.28,ppb
褒忠站,23,間-二乙基苯,0.03,ppb
褒忠站,23,對-二乙基苯,0.02,ppbv
褒忠站,23,正十一烷,0.11,ppbv
崙背站,23,乙烷,0.46,ppb
崙背站,23,乙烯,0.2,ppb
崙背站,23,丙烷,1.5,ppb
崙背站,23,丙烯,0,ppb
崙背站,23,異丁烷,0.98,ppb
崙背站,23,正丁烷,1.73,ppb
崙背站,23,乙炔,0.49,ppb
崙背站,23,反2-丁烯,0.32,ppb
崙背站,23,1-丁烯,0.49,ppb
崙背站,23,順2-丁烯,0.16,ppb
崙背站,23,環戊烷,0.26,ppb
崙背站,23,異戊烷,1.17,ppb
崙背站,23,正戊烷,0.48,ppb
崙背站,23,反2-戊烯,0,ppb
崙背站,23,1-戊烯,0,ppb
崙背站,23,順2-戊烯,0,ppb
崙背站,23,"2,2-二甲基丁烷",0,ppb
崙背站,23,"2,3-二甲基丁烷",0,ppb
崙背站,23,2-甲基戊烷,0.18,ppb
崙背站,23,3-甲基戊烷,0.14,ppb
崙背站,23,異戊二烯,0.15,ppb
崙背站,23,正己烷,0,ppb
崙背站,23,甲基環戊烷,0,ppb
崙背站,23,"2,4-二甲基戊烷",0,ppb
崙背站,23,苯,0,ppb
崙背站,23,環己烷,0,ppb
崙背站,23,2-甲基己烷,0,ppb
崙背站,23,"2,3-二甲基戊烷",0,ppb
崙背站,23,3-甲基己烷,0,ppb
崙背站,23,"2,2,4-三甲基戊烷",0,ppb
崙背站,23,正庚烷,0,ppb
崙背站,23,甲基環己烷,0,ppb
崙背站,23,"2,3,4-三甲基戊烷",0,ppb
崙背站,23,甲苯,0.09,ppb
崙背站,23,2-甲基庚烷,0,ppb
崙背站,23,3-甲基庚烷,0,ppb
崙背站,23,正辛烷,0,ppb
崙背站,23,乙苯,0,ppb
崙背站,23,"間,對二甲苯",0,ppb
崙背站,23,苯乙烯,0,ppb
崙背站,23,鄰二甲苯,0.1,ppb
崙背站,23,正壬烷,0,ppb
崙背站,23,異丙基苯,0,ppb
崙背站,23,正丙基苯,0,ppb
崙背站,23,間-乙基甲苯,0,ppb
崙背站,23,對-乙基甲苯,0,ppb
崙背站,23,"1,3,5-三甲基苯",0,ppb
崙背站,23,鄰-乙基甲苯,0,ppb
崙背站,23,"1,2,4-三甲基苯",0.33,ppb
崙背站,23,葵烷,0,ppb
崙背站,23,"1,2,3-三甲基苯",0,ppb
崙背站,23,間-二乙基苯,0,ppb
崙背站,23,對-二乙基苯,0,ppbv
崙背站,23,正十一烷,0,ppbv
四湖站,23,乙烷,0.85,ppb
四湖站,23,乙烯,0,ppb
四湖站,23,丙烷,0.75,ppb
四湖站,23,丙烯,0,ppb
四湖站,23,異丁烷,0.49,ppb
四湖站,23,正丁烷,0.82,ppb
四湖站,23,乙炔,1.67,ppb
四湖站,23,反2-丁烯,0,ppb
四湖站,23,1-丁烯,1.72,ppb
四湖站,23,順2-丁烯,0,ppb
四湖站,23,環戊烷,0,ppb
四湖站,23,異戊烷,0.39,ppb
四湖站,23,正戊烷,0.19,ppb
四湖站,23,反2-戊烯,0,ppb
四湖站,23,1-戊烯,0,ppb
四湖站,23,順2-戊烯,0,ppb
四湖站,23,"2,2-二甲基丁烷",0.12,ppb
四湖站,23,"2,3-二甲基丁烷",0,ppb
四湖站,23,2-甲基戊烷,0,ppb
四湖站,23,3-甲基戊烷,0,ppb
四湖站,23,異戊二烯,0,ppb
四湖站,23,正己烷,0,ppb
四湖站,23,甲基環戊烷,0.2,ppb
四湖站,23,"2,4-二甲基戊烷",0,ppb
四湖站,23,苯,0.65,ppb
四湖站,23,環己烷,0,ppb
四湖站,23,2-甲基己烷,0,ppb
四湖站,23,"2,3-二甲基戊烷",0,ppb
四湖站,23,3-甲基己烷,0,ppb
四湖站,23,"2,2,4-三甲基戊烷",0,ppb
四湖站,23,正庚烷,0,ppb
四湖站,23,甲基環己烷,0,ppb
四湖站,23,"2,3,4-三甲基戊烷",0,ppb
四湖站,23,甲苯,0.91,ppb
四湖站,23,2-甲基庚烷,0,ppb
四湖站,23,3-甲基庚烷,0,ppb
四湖站,23,正辛烷,0,ppb
四湖站,23,乙苯,0,ppb
四湖站,23,"間,對二甲苯",0.43,ppb
四湖站,23,苯乙烯,0,ppb
四湖站,23,鄰二甲苯,0,ppb
四湖站,23,正壬烷,0,ppb
四湖站,23,異丙基苯,0,ppb
四湖站,23,正丙基苯,0,ppb
四湖站,23,間-乙基甲苯,0,ppb
四湖站,23,對-乙基甲苯,0,ppb
四湖站,23,"1,3,5-三甲基苯",0,ppb
四湖站,23,鄰-乙基甲苯,0,ppb
四湖站,23,"1,2,4-三甲基苯",0,ppb
四湖站,23,葵烷,0,ppb
四湖站,23,"1,2,3-三甲基苯",0,ppb
四湖站,23,間-二乙基苯,0,ppb
四湖站,23,對-二乙基苯,0,ppbv
四湖站,23,正十一烷,0,ppbv
東勢站,23,乙烷,0.59,ppb
東勢站,23,乙烯,0.66,ppb
東勢站,23,丙烷,1.7,ppb
東勢站,23,丙烯,0.57,ppb
東勢站,23,異丁烷,1.43,ppb
東勢站,23,正丁烷,2.97,ppb
東勢站,23,乙炔,3.31,ppb
東勢站,23,反2-丁烯,0.37,ppb
東勢站,23,1-丁烯,0.44,ppb
東勢站,23,順2-丁烯,0.2,ppb
東勢站,23,環戊烷,0,ppb
東勢站,23,異戊烷,2.86,ppb
東勢站,23,正戊烷,1.29,ppb
東勢站,23,反2-戊烯,0.31,ppb
東勢站,23,1-戊烯,0.35,ppb
東勢站,23,順2-戊烯,0,ppb
東勢站,23,"2,2-二甲基丁烷",0.1,ppb
東勢站,23,"2,3-二甲基丁烷",0,ppb
東勢站,23,2-甲基戊烷,0.42,ppb
東勢站,23,3-甲基戊烷,0.21,ppb
東勢站,23,異戊二烯,0.06,ppb
東勢站,23,正己烷,0,ppb
東勢站,23,甲基環戊烷,0.13,ppb
東勢站,23,"2,4-二甲基戊烷",0,ppb
東勢站,23,苯,0,ppb
東勢站,23,環己烷,0,ppb
東勢站,23,2-甲基己烷,0,ppb
東勢站,23,"2,3-二甲基戊烷",0,ppb
東勢站,23,3-甲基己烷,0,ppb
東勢站,23,"2,2,4-三甲基戊烷",0.09,ppb
東勢站,23,正庚烷,0,ppb
東勢站,23,甲基環己烷,0,ppb
東勢站,23,"2,3,4-三甲基戊烷",0,ppb
東勢站,23,甲苯,1.81,ppb
東勢站,23,2-甲基庚烷,0,ppb
東勢站,23,3-甲基庚烷,0,ppb
東勢站,23,正辛烷,0,ppb
東勢站,23,乙苯,0.33,ppb
東勢站,23,"間,對二甲苯",1,ppb
東勢站,23,苯乙烯,0,ppb
東勢站,23,鄰二甲苯,0.45,ppb
東勢站,23,正壬烷,0,ppb
東勢站,23,異丙基苯,0.02,ppb
東勢站,23,正丙基苯,0.11,ppb
東勢站,23,間-乙基甲苯,0.22,ppb
東勢站,23,對-乙基甲苯,0,ppb
東勢站,23,"1,3,5-三甲基苯",0,ppb
東勢站,23,鄰-乙基甲苯,0.13,ppb
東勢站,23,"1,2,4-三甲基苯",0.52,ppb
東勢站,23,葵烷,0.03,ppb
東勢站,23,"1,2,3-三甲基苯",0,ppb
東勢站,23,間-二乙基苯,0,ppb
東勢站,23,對-二乙基苯,0,ppbv
東勢站,23,正十一烷,0.09,ppbv
麥寮站,23,乙烷,0.37,ppb
麥寮站,23,乙烯,2.45,ppb
麥寮站,23,丙烷,0.8,ppb
麥寮站,23,丙烯,0,ppb
麥寮站,23,異丁烷,0.3,ppb
麥寮站,23,正丁烷,0.57,ppb
麥寮站,23,乙炔,3.42,ppb
麥寮站,23,反2-丁烯,0,ppb
麥寮站,23,1-丁烯,0.56,ppb
麥寮站,23,順2-丁烯,0.13,ppb
麥寮站,23,環戊烷,0,ppb
麥寮站,23,異戊烷,0.25,ppb
麥寮站,23,正戊烷,0.2,ppb
麥寮站,23,反2-戊烯,0,ppb
麥寮站,23,1-戊烯,0,ppb
麥寮站,23,順2-戊烯,0,ppb
麥寮站,23,"2,2-二甲基丁烷",0,ppb
麥寮站,23,"2,3-二甲基丁烷",0,ppb
麥寮站,23,2-甲基戊烷,0,ppb
麥寮站,23,3-甲基戊烷,0,ppb
麥寮站,23,異戊二烯,0.13,ppb
麥寮站,23,正己烷,0,ppb
麥寮站,23,甲基環戊烷,0.06,ppb
麥寮站,23,"2,4-二甲基戊烷",0,ppb
麥寮站,23,苯,0.46,ppb
麥寮站,23,環己烷,0,ppb
麥寮站,23,2-甲基己烷,0,ppb
麥寮站,23,"2,3-二甲基戊烷",0,ppb
麥寮站,23,3-甲基己烷,0,ppb
麥寮站,23,"2,2,4-三甲基戊烷",0,ppb
麥寮站,23,正庚烷,0,ppb
麥寮站,23,甲基環己烷,0.02,ppb
麥寮站,23,"2,3,4-三甲基戊烷",0,ppb
麥寮站,23,甲苯,3.03,ppb
麥寮站,23,2-甲基庚烷,0,ppb
麥寮站,23,3-甲基庚烷,0.01,ppb
麥寮站,23,正辛烷,0.07,ppb
麥寮站,23,乙苯,0.32,ppb
麥寮站,23,"間,對二甲苯",1.43,ppb
麥寮站,23,苯乙烯,0,ppb
麥寮站,23,鄰二甲苯,0.97,ppb
麥寮站,23,正壬烷,0.01,ppb
麥寮站,23,異丙基苯,0,ppb
麥寮站,23,正丙基苯,0,ppb
麥寮站,23,間-乙基甲苯,0.14,ppb
麥寮站,23,對-乙基甲苯,0.02,ppb
麥寮站,23,"1,3,5-三甲基苯",0.16,ppb
麥寮站,23,鄰-乙基甲苯,0.06,ppb
麥寮站,23,"1,2,4-三甲基苯",0.4,ppb
麥寮站,23,葵烷,0,ppb
麥寮站,23,"1,2,3-三甲基苯",0.14,ppb
麥寮站,23,間-二乙基苯,0.04,ppb
麥寮站,23,對-二乙基苯,0.07,ppbv
麥寮站,23,正十一烷,0.02,ppbv
台西站,23,乙烷,0.59,ppb
台西站,23,乙烯,0,ppb
台西站,23,丙烷,0.4,ppb
台西站,23,丙烯,0.28,ppb
台西站,23,異丁烷,0.3,ppb
台西站,23,正丁烷,0.51,ppb
台西站,23,乙炔,1.7,ppb
台西站,23,反2-丁烯,0.18,ppb
台西站,23,1-丁烯,0.47,ppb
台西站,23,順2-丁烯,0,ppb
台西站,23,環戊烷,0,ppb
台西站,23,異戊烷,0.2,ppb
台西站,23,正戊烷,0.09,ppb
台西站,23,反2-戊烯,0,ppb
台西站,23,1-戊烯,0,ppb
台西站,23,順2-戊烯,0,ppb
台西站,23,"2,2-二甲基丁烷",0,ppb
台西站,23,"2,3-二甲基丁烷",0,ppb
台西站,23,2-甲基戊烷,0,ppb
台西站,23,3-甲基戊烷,0,ppb
台西站,23,異戊二烯,0,ppb
台西站,23,正己烷,0,ppb
台西站,23,甲基環戊烷,0,ppb
台西站,23,"2,4-二甲基戊烷",0,ppb
台西站,23,苯,0,ppb
台西站,23,環己烷,0.02,ppb
台西站,23,2-甲基己烷,0,ppb
台西站,23,"2,3-二甲基戊烷",0,ppb
台西站,23,3-甲基己烷,0,ppb
台西站,23,"2,2,4-三甲基戊烷",0,ppb
台西站,23,正庚烷,0,ppb
台西站,23,甲基環己烷,0,ppb
台西站,23,"2,3,4-三甲基戊烷",0,ppb
台西站,23,甲苯,0,ppb
台西站,23,2-甲基庚烷,0,ppb
台西站,23,3-甲基庚烷,0,ppb
台西站,23,正辛烷,0.08,ppb
台西站,23,乙苯,0,ppb
台西站,23,"間,對二甲苯",0,ppb
台西站,23,苯乙烯,0,ppb
台西站,23,鄰二甲苯,0,ppb
台西站,23,正壬烷,0,ppb
台西站,23,異丙基苯,0,ppb
台西站,23,正丙基苯,0,ppb
台西站,23,間-乙基甲苯,0.02,ppb
台西站,23,對-乙基甲苯,0,ppb
台西站,23,"1,3,5-三甲基苯",0,ppb
台西站,23,鄰-乙基甲苯,0,ppb
台西站,23,"1,2,4-三甲基苯",0.3,ppb
台西站,23,葵烷,0,ppb
台西站,23,"1,2,3-三甲基苯",0,ppb
台西站,23,間-二乙基苯,0.06,ppb
台西站,23,對-二乙基苯,0,ppbv
台西站,23,正十一烷,0,ppbv
土庫站,23,乙烷,1.11,ppb
土庫站,23,乙烯,0.76,ppb
土庫站,23,丙烷,1.35,ppb
土庫站,23,丙烯,0.59,ppb
土庫站,23,異丁烷,0.99,ppb
土庫站,23,正丁烷,1.68,ppb
土庫站,23,乙炔,3.99,ppb
土庫站,23,反2-丁烯,0.17,ppb
土庫站,23,1-丁烯,0.56,ppb
土庫站,23,順2-丁烯,0.16,ppb
土庫站,23,環戊烷,0.35,ppb
土庫站,23,異戊烷,1.03,ppb
土庫站,23,正戊烷,0.68,ppb
土庫站,23,反2-戊烯,0.19,ppb
土庫站,23,1-戊烯,0.04,ppb
土庫站,23,順2-戊烯,0,ppb
土庫站,23,"2,2-二甲基丁烷",0,ppb
土庫站,23,"2,3-二甲基丁烷",0,ppb
土庫站,23,2-甲基戊烷,0.29,ppb
土庫站,23,3-甲基戊烷,0.19,ppb
土庫站,23,異戊二烯,0.19,ppb
土庫站,23,正己烷,0,ppb
土庫站,23,甲基環戊烷,0,ppb
土庫站,23,"2,4-二甲基戊烷",0,ppb
土庫站,23,苯,0,ppb
土庫站,23,環己烷,0,ppb
土庫站,23,2-甲基己烷,0,ppb
土庫站,23,"2,3-二甲基戊烷",0,ppb
土庫站,23,3-甲基己烷,0,ppb
土庫站,23,"2,2,4-三甲基戊烷",0,ppb
土庫站,23,正庚烷,0,ppb
土庫站,23,甲基環己烷,0,ppb
土庫站,23,"2,3,4-三甲基戊烷",0,ppb
土庫站,23,甲苯,1.34,ppb
土庫站,23,2-甲基庚烷,0,ppb
土庫站,23,3-甲基庚烷,0,ppb
土庫站,23,正辛烷,0,ppb
土庫站,23,乙苯,0,ppb
土庫站,23,"間,對二甲苯",1.39,ppb
土庫站,23,苯乙烯,0,ppb
土庫站,23,鄰二甲苯,0.36,ppb
土庫站,23,正壬烷,0,ppb
土庫站,23,異丙基苯,0,ppb
土庫站,23,正丙基苯,0,ppb
土庫站,23,間-乙基甲苯,0.19,ppb
土庫站,23,對-乙基甲苯,0,ppb
土庫站,23,"1,3,5-三甲基苯",0,ppb
土庫站,23,鄰-乙基甲苯,0,ppb
土庫站,23,"1,2,4-三甲基苯",0.77,ppb
土庫站,23,葵烷,0,ppb
土庫站,23,"1,2,3-三甲基苯",0,ppb
土庫站,23,間-二乙基苯,0,ppb
土庫站,23,對-二乙基苯,0,ppbv
土庫站,23,正十一烷,0,ppbv
西螺站,23,乙烷,0.83,ppb
西螺站,23,乙烯,0.71,ppb
西螺站,23,丙烷,0.91,ppb
西螺站,23,丙烯,0.58,ppb
西螺站,23,異丁烷,0.61,ppb
西螺站,23,正丁烷,0.89,ppb
西螺站,23,乙炔,0.56,ppb
西螺站,23,反2-丁烯,0,ppb
西螺站,23,1-丁烯,0.32,ppb
西螺站,23,順2-丁烯,0,ppb
西螺站,23,環戊烷,0,ppb
西螺站,23,異戊烷,0.73,ppb
西螺站,23,正戊烷,0.42,ppb
西螺站,23,反2-戊烯,0,ppb
西螺站,23,1-戊烯,0,ppb
西螺站,23,順2-戊烯,0,ppb
西螺站,23,"2,2-二甲基丁烷",0,ppb
西螺站,23,"2,3-二甲基丁烷",0,ppb
西螺站,23,2-甲基戊烷,0.21,ppb
西螺站,23,3-甲基戊烷,0.19,ppb
西螺站,23,異戊二烯,0.14,ppb
西螺站,23,正己烷,0.04,ppb
西螺站,23,甲基環戊烷,0,ppb
西螺站,23,"2,4-二甲基戊烷",0,ppb
西螺站,23,苯,0.58,ppb
西螺站,23,環己烷,0.03,ppb
西螺站,23,2-甲基己烷,0,ppb
西螺站,23,"2,3-二甲基戊烷",0,ppb
西螺站,23,3-甲基己烷,0,ppb
西螺站,23,"2,2,4-三甲基戊烷",0,ppb
西螺站,23,正庚烷,0,ppb
西螺站,23,甲基環己烷,0,ppb
西螺站,23,"2,3,4-三甲基戊烷",0.03,ppb
西螺站,23,甲苯,1.21,ppb
西螺站,23,2-甲基庚烷,0,ppb
西螺站,23,3-甲基庚烷,0,ppb
西螺站,23,正辛烷,0.12,ppb
西螺站,23,乙苯,0.17,ppb
西螺站,23,"間,對二甲苯",0.55,ppb
西螺站,23,苯乙烯,0,ppb
西螺站,23,鄰二甲苯,0.04,ppb
西螺站,23,正壬烷,0,ppb
西螺站,23,異丙基苯,0.02,ppb
西螺站,23,正丙基苯,0,ppb
西螺站,23,間-乙基甲苯,0.09,ppb
西螺站,23,對-乙基甲苯,0.01,ppb
西螺站,23,"1,3,5-三甲基苯",0,ppb
西螺站,23,鄰-乙基甲苯,0,ppb
西螺站,23,"1,2,4-三甲基苯",0.29,ppb
西螺站,23,葵烷,0.02,ppb
西螺站,23,"1,2,3-三甲基苯",0.32,ppb
西螺站,23,間-二乙基苯,0.01,ppb
西螺站,23,對-二乙基苯,0.02,ppbv
西螺站,23,正十一烷,0.01,ppbv
